layer,PE,array,component,component_category,action,count,source_file
conv1,16,4x4,systolic_array.ifmap_dram,DRAM,read,3072.0,/home/cs25m115/Neural_Acc/exp1/stage7c_per_layer_energy/runs/conv1_16pe/scale_sim_output_scale_16pe_energy/action_count.yaml
conv1,16,4x4,systolic_array.ifmap_dram,DRAM,idle,-2416.0,/home/cs25m115/Neural_Acc/exp1/stage7c_per_layer_energy/runs/conv1_16pe/scale_sim_output_scale_16pe_energy/action_count.yaml
conv1,16,4x4,systolic_array.weights_dram,DRAM,read,432.0,/home/cs25m115/Neural_Acc/exp1/stage7c_per_layer_energy/runs/conv1_16pe/scale_sim_output_scale_16pe_energy/action_count.yaml
conv1,16,4x4,systolic_array.weights_dram,DRAM,idle,-300.0,/home/cs25m115/Neural_Acc/exp1/stage7c_per_layer_energy/runs/conv1_16pe/scale_sim_output_scale_16pe_energy/action_count.yaml
conv1,16,4x4,systolic_array.psum_dram,DRAM,write,100803.0,/home/cs25m115/Neural_Acc/exp1/stage7c_per_layer_energy/runs/conv1_16pe/scale_sim_output_scale_16pe_energy/action_count.yaml
conv1,16,4x4,systolic_array.psum_dram,DRAM,idle,-51291.0,/home/cs25m115/Neural_Acc/exp1/stage7c_per_layer_energy/runs/conv1_16pe/scale_sim_output_scale_16pe_energy/action_count.yaml
conv1,16,4x4,systolic_array.ifmap_glb,GLB_SRAM,read,20308.0,/home/cs25m115/Neural_Acc/exp1/stage7c_per_layer_energy/runs/conv1_16pe/scale_sim_output_scale_16pe_energy/action_count.yaml
conv1,16,4x4,systolic_array.ifmap_glb,GLB_SRAM,read,76892.0,/home/cs25m115/Neural_Acc/exp1/stage7c_per_layer_energy/runs/conv1_16pe/scale_sim_output_scale_16pe_energy/action_count.yaml
conv1,16,4x4,systolic_array.ifmap_glb,GLB_SRAM,idle,4688.0,/home/cs25m115/Neural_Acc/exp1/stage7c_per_layer_energy/runs/conv1_16pe/scale_sim_output_scale_16pe_energy/action_count.yaml
conv1,16,4x4,systolic_array.weights_glb,GLB_SRAM,read,176.0,/home/cs25m115/Neural_Acc/exp1/stage7c_per_layer_energy/runs/conv1_16pe/scale_sim_output_scale_16pe_energy/action_count.yaml
conv1,16,4x4,systolic_array.weights_glb,GLB_SRAM,read,256.0,/home/cs25m115/Neural_Acc/exp1/stage7c_per_layer_energy/runs/conv1_16pe/scale_sim_output_scale_16pe_energy/action_count.yaml
conv1,16,4x4,systolic_array.weights_glb,GLB_SRAM,idle,97864.0,/home/cs25m115/Neural_Acc/exp1/stage7c_per_layer_energy/runs/conv1_16pe/scale_sim_output_scale_16pe_energy/action_count.yaml
conv1,16,4x4,systolic_array.psum_glb,GLB_SRAM,update,23908.0,/home/cs25m115/Neural_Acc/exp1/stage7c_per_layer_energy/runs/conv1_16pe/scale_sim_output_scale_16pe_energy/action_count.yaml
conv1,16,4x4,systolic_array.psum_glb,GLB_SRAM,update,76892.0,/home/cs25m115/Neural_Acc/exp1/stage7c_per_layer_energy/runs/conv1_16pe/scale_sim_output_scale_16pe_energy/action_count.yaml
conv1,16,4x4,systolic_array.psum_glb,GLB_SRAM,idle,1092.0,/home/cs25m115/Neural_Acc/exp1/stage7c_per_layer_energy/runs/conv1_16pe/scale_sim_output_scale_16pe_energy/action_count.yaml
conv1,16,4x4,systolic_array.PE[0].weights_spad,PE_SPAD,write,66.0,/home/cs25m115/Neural_Acc/exp1/stage7c_per_layer_energy/runs/conv1_16pe/scale_sim_output_scale_16pe_energy/action_count.yaml
conv1,16,4x4,systolic_array.PE[0].weights_spad,PE_SPAD,read,24339.0,/home/cs25m115/Neural_Acc/exp1/stage7c_per_layer_energy/runs/conv1_16pe/scale_sim_output_scale_16pe_energy/action_count.yaml
conv1,16,4x4,systolic_array.PE[1].weights_spad,PE_SPAD,write,66.0,/home/cs25m115/Neural_Acc/exp1/stage7c_per_layer_energy/runs/conv1_16pe/scale_sim_output_scale_16pe_energy/action_count.yaml
conv1,16,4x4,systolic_array.PE[1].weights_spad,PE_SPAD,read,24339.0,/home/cs25m115/Neural_Acc/exp1/stage7c_per_layer_energy/runs/conv1_16pe/scale_sim_output_scale_16pe_energy/action_count.yaml
conv1,16,4x4,systolic_array.PE[2].weights_spad,PE_SPAD,write,66.0,/home/cs25m115/Neural_Acc/exp1/stage7c_per_layer_energy/runs/conv1_16pe/scale_sim_output_scale_16pe_energy/action_count.yaml
conv1,16,4x4,systolic_array.PE[2].weights_spad,PE_SPAD,read,24339.0,/home/cs25m115/Neural_Acc/exp1/stage7c_per_layer_energy/runs/conv1_16pe/scale_sim_output_scale_16pe_energy/action_count.yaml
conv1,16,4x4,systolic_array.PE[3].weights_spad,PE_SPAD,write,66.0,/home/cs25m115/Neural_Acc/exp1/stage7c_per_layer_energy/runs/conv1_16pe/scale_sim_output_scale_16pe_energy/action_count.yaml
conv1,16,4x4,systolic_array.PE[3].weights_spad,PE_SPAD,read,24339.0,/home/cs25m115/Neural_Acc/exp1/stage7c_per_layer_energy/runs/conv1_16pe/scale_sim_output_scale_16pe_energy/action_count.yaml
conv1,16,4x4,systolic_array.PE[4].weights_spad,PE_SPAD,write,66.0,/home/cs25m115/Neural_Acc/exp1/stage7c_per_layer_energy/runs/conv1_16pe/scale_sim_output_scale_16pe_energy/action_count.yaml
conv1,16,4x4,systolic_array.PE[4].weights_spad,PE_SPAD,read,24339.0,/home/cs25m115/Neural_Acc/exp1/stage7c_per_layer_energy/runs/conv1_16pe/scale_sim_output_scale_16pe_energy/action_count.yaml
conv1,16,4x4,systolic_array.PE[5].weights_spad,PE_SPAD,write,66.0,/home/cs25m115/Neural_Acc/exp1/stage7c_per_layer_energy/runs/conv1_16pe/scale_sim_output_scale_16pe_energy/action_count.yaml
conv1,16,4x4,systolic_array.PE[5].weights_spad,PE_SPAD,read,24339.0,/home/cs25m115/Neural_Acc/exp1/stage7c_per_layer_energy/runs/conv1_16pe/scale_sim_output_scale_16pe_energy/action_count.yaml
conv1,16,4x4,systolic_array.PE[6].weights_spad,PE_SPAD,write,66.0,/home/cs25m115/Neural_Acc/exp1/stage7c_per_layer_energy/runs/conv1_16pe/scale_sim_output_scale_16pe_energy/action_count.yaml
conv1,16,4x4,systolic_array.PE[6].weights_spad,PE_SPAD,read,24339.0,/home/cs25m115/Neural_Acc/exp1/stage7c_per_layer_energy/runs/conv1_16pe/scale_sim_output_scale_16pe_energy/action_count.yaml
conv1,16,4x4,systolic_array.PE[7].weights_spad,PE_SPAD,write,66.0,/home/cs25m115/Neural_Acc/exp1/stage7c_per_layer_energy/runs/conv1_16pe/scale_sim_output_scale_16pe_energy/action_count.yaml
conv1,16,4x4,systolic_array.PE[7].weights_spad,PE_SPAD,read,24339.0,/home/cs25m115/Neural_Acc/exp1/stage7c_per_layer_energy/runs/conv1_16pe/scale_sim_output_scale_16pe_energy/action_count.yaml
conv1,16,4x4,systolic_array.PE[8].weights_spad,PE_SPAD,write,66.0,/home/cs25m115/Neural_Acc/exp1/stage7c_per_layer_energy/runs/conv1_16pe/scale_sim_output_scale_16pe_energy/action_count.yaml
conv1,16,4x4,systolic_array.PE[8].weights_spad,PE_SPAD,read,24339.0,/home/cs25m115/Neural_Acc/exp1/stage7c_per_layer_energy/runs/conv1_16pe/scale_sim_output_scale_16pe_energy/action_count.yaml
conv1,16,4x4,systolic_array.PE[9].weights_spad,PE_SPAD,write,66.0,/home/cs25m115/Neural_Acc/exp1/stage7c_per_layer_energy/runs/conv1_16pe/scale_sim_output_scale_16pe_energy/action_count.yaml
conv1,16,4x4,systolic_array.PE[9].weights_spad,PE_SPAD,read,24339.0,/home/cs25m115/Neural_Acc/exp1/stage7c_per_layer_energy/runs/conv1_16pe/scale_sim_output_scale_16pe_energy/action_count.yaml
conv1,16,4x4,systolic_array.PE[10].weights_spad,PE_SPAD,write,66.0,/home/cs25m115/Neural_Acc/exp1/stage7c_per_layer_energy/runs/conv1_16pe/scale_sim_output_scale_16pe_energy/action_count.yaml
conv1,16,4x4,systolic_array.PE[10].weights_spad,PE_SPAD,read,24339.0,/home/cs25m115/Neural_Acc/exp1/stage7c_per_layer_energy/runs/conv1_16pe/scale_sim_output_scale_16pe_energy/action_count.yaml
conv1,16,4x4,systolic_array.PE[11].weights_spad,PE_SPAD,write,66.0,/home/cs25m115/Neural_Acc/exp1/stage7c_per_layer_energy/runs/conv1_16pe/scale_sim_output_scale_16pe_energy/action_count.yaml
conv1,16,4x4,systolic_array.PE[11].weights_spad,PE_SPAD,read,24339.0,/home/cs25m115/Neural_Acc/exp1/stage7c_per_layer_energy/runs/conv1_16pe/scale_sim_output_scale_16pe_energy/action_count.yaml
conv1,16,4x4,systolic_array.PE[12].weights_spad,PE_SPAD,write,66.0,/home/cs25m115/Neural_Acc/exp1/stage7c_per_layer_energy/runs/conv1_16pe/scale_sim_output_scale_16pe_energy/action_count.yaml
conv1,16,4x4,systolic_array.PE[12].weights_spad,PE_SPAD,read,24339.0,/home/cs25m115/Neural_Acc/exp1/stage7c_per_layer_energy/runs/conv1_16pe/scale_sim_output_scale_16pe_energy/action_count.yaml
conv1,16,4x4,systolic_array.PE[13].weights_spad,PE_SPAD,write,66.0,/home/cs25m115/Neural_Acc/exp1/stage7c_per_layer_energy/runs/conv1_16pe/scale_sim_output_scale_16pe_energy/action_count.yaml
conv1,16,4x4,systolic_array.PE[13].weights_spad,PE_SPAD,read,24339.0,/home/cs25m115/Neural_Acc/exp1/stage7c_per_layer_energy/runs/conv1_16pe/scale_sim_output_scale_16pe_energy/action_count.yaml
conv1,16,4x4,systolic_array.PE[14].weights_spad,PE_SPAD,write,66.0,/home/cs25m115/Neural_Acc/exp1/stage7c_per_layer_energy/runs/conv1_16pe/scale_sim_output_scale_16pe_energy/action_count.yaml
conv1,16,4x4,systolic_array.PE[14].weights_spad,PE_SPAD,read,24339.0,/home/cs25m115/Neural_Acc/exp1/stage7c_per_layer_energy/runs/conv1_16pe/scale_sim_output_scale_16pe_energy/action_count.yaml
conv1,16,4x4,systolic_array.PE[15].weights_spad,PE_SPAD,write,66.0,/home/cs25m115/Neural_Acc/exp1/stage7c_per_layer_energy/runs/conv1_16pe/scale_sim_output_scale_16pe_energy/action_count.yaml
conv1,16,4x4,systolic_array.PE[15].weights_spad,PE_SPAD,read,24339.0,/home/cs25m115/Neural_Acc/exp1/stage7c_per_layer_energy/runs/conv1_16pe/scale_sim_output_scale_16pe_energy/action_count.yaml
conv1,16,4x4,systolic_array.PE[0].ifmap_spad,PE_SPAD,write,24300.0,/home/cs25m115/Neural_Acc/exp1/stage7c_per_layer_energy/runs/conv1_16pe/scale_sim_output_scale_16pe_energy/action_count.yaml
conv1,16,4x4,systolic_array.PE[0].ifmap_spad,PE_SPAD,read,42525.0,/home/cs25m115/Neural_Acc/exp1/stage7c_per_layer_energy/runs/conv1_16pe/scale_sim_output_scale_16pe_energy/action_count.yaml
conv1,16,4x4,systolic_array.PE[1].ifmap_spad,PE_SPAD,write,24300.0,/home/cs25m115/Neural_Acc/exp1/stage7c_per_layer_energy/runs/conv1_16pe/scale_sim_output_scale_16pe_energy/action_count.yaml
conv1,16,4x4,systolic_array.PE[1].ifmap_spad,PE_SPAD,read,42525.0,/home/cs25m115/Neural_Acc/exp1/stage7c_per_layer_energy/runs/conv1_16pe/scale_sim_output_scale_16pe_energy/action_count.yaml
conv1,16,4x4,systolic_array.PE[2].ifmap_spad,PE_SPAD,write,24300.0,/home/cs25m115/Neural_Acc/exp1/stage7c_per_layer_energy/runs/conv1_16pe/scale_sim_output_scale_16pe_energy/action_count.yaml
conv1,16,4x4,systolic_array.PE[2].ifmap_spad,PE_SPAD,read,42525.0,/home/cs25m115/Neural_Acc/exp1/stage7c_per_layer_energy/runs/conv1_16pe/scale_sim_output_scale_16pe_energy/action_count.yaml
conv1,16,4x4,systolic_array.PE[3].ifmap_spad,PE_SPAD,write,24300.0,/home/cs25m115/Neural_Acc/exp1/stage7c_per_layer_energy/runs/conv1_16pe/scale_sim_output_scale_16pe_energy/action_count.yaml
conv1,16,4x4,systolic_array.PE[3].ifmap_spad,PE_SPAD,read,42525.0,/home/cs25m115/Neural_Acc/exp1/stage7c_per_layer_energy/runs/conv1_16pe/scale_sim_output_scale_16pe_energy/action_count.yaml
conv1,16,4x4,systolic_array.PE[4].ifmap_spad,PE_SPAD,write,24300.0,/home/cs25m115/Neural_Acc/exp1/stage7c_per_layer_energy/runs/conv1_16pe/scale_sim_output_scale_16pe_energy/action_count.yaml
conv1,16,4x4,systolic_array.PE[4].ifmap_spad,PE_SPAD,read,42525.0,/home/cs25m115/Neural_Acc/exp1/stage7c_per_layer_energy/runs/conv1_16pe/scale_sim_output_scale_16pe_energy/action_count.yaml
conv1,16,4x4,systolic_array.PE[5].ifmap_spad,PE_SPAD,write,24300.0,/home/cs25m115/Neural_Acc/exp1/stage7c_per_layer_energy/runs/conv1_16pe/scale_sim_output_scale_16pe_energy/action_count.yaml
conv1,16,4x4,systolic_array.PE[5].ifmap_spad,PE_SPAD,read,42525.0,/home/cs25m115/Neural_Acc/exp1/stage7c_per_layer_energy/runs/conv1_16pe/scale_sim_output_scale_16pe_energy/action_count.yaml
conv1,16,4x4,systolic_array.PE[6].ifmap_spad,PE_SPAD,write,24300.0,/home/cs25m115/Neural_Acc/exp1/stage7c_per_layer_energy/runs/conv1_16pe/scale_sim_output_scale_16pe_energy/action_count.yaml
conv1,16,4x4,systolic_array.PE[6].ifmap_spad,PE_SPAD,read,42525.0,/home/cs25m115/Neural_Acc/exp1/stage7c_per_layer_energy/runs/conv1_16pe/scale_sim_output_scale_16pe_energy/action_count.yaml
conv1,16,4x4,systolic_array.PE[7].ifmap_spad,PE_SPAD,write,24300.0,/home/cs25m115/Neural_Acc/exp1/stage7c_per_layer_energy/runs/conv1_16pe/scale_sim_output_scale_16pe_energy/action_count.yaml
conv1,16,4x4,systolic_array.PE[7].ifmap_spad,PE_SPAD,read,42525.0,/home/cs25m115/Neural_Acc/exp1/stage7c_per_layer_energy/runs/conv1_16pe/scale_sim_output_scale_16pe_energy/action_count.yaml
conv1,16,4x4,systolic_array.PE[8].ifmap_spad,PE_SPAD,write,24300.0,/home/cs25m115/Neural_Acc/exp1/stage7c_per_layer_energy/runs/conv1_16pe/scale_sim_output_scale_16pe_energy/action_count.yaml
conv1,16,4x4,systolic_array.PE[8].ifmap_spad,PE_SPAD,read,42525.0,/home/cs25m115/Neural_Acc/exp1/stage7c_per_layer_energy/runs/conv1_16pe/scale_sim_output_scale_16pe_energy/action_count.yaml
conv1,16,4x4,systolic_array.PE[9].ifmap_spad,PE_SPAD,write,24300.0,/home/cs25m115/Neural_Acc/exp1/stage7c_per_layer_energy/runs/conv1_16pe/scale_sim_output_scale_16pe_energy/action_count.yaml
conv1,16,4x4,systolic_array.PE[9].ifmap_spad,PE_SPAD,read,42525.0,/home/cs25m115/Neural_Acc/exp1/stage7c_per_layer_energy/runs/conv1_16pe/scale_sim_output_scale_16pe_energy/action_count.yaml
conv1,16,4x4,systolic_array.PE[10].ifmap_spad,PE_SPAD,write,24300.0,/home/cs25m115/Neural_Acc/exp1/stage7c_per_layer_energy/runs/conv1_16pe/scale_sim_output_scale_16pe_energy/action_count.yaml
conv1,16,4x4,systolic_array.PE[10].ifmap_spad,PE_SPAD,read,42525.0,/home/cs25m115/Neural_Acc/exp1/stage7c_per_layer_energy/runs/conv1_16pe/scale_sim_output_scale_16pe_energy/action_count.yaml
conv1,16,4x4,systolic_array.PE[11].ifmap_spad,PE_SPAD,write,24300.0,/home/cs25m115/Neural_Acc/exp1/stage7c_per_layer_energy/runs/conv1_16pe/scale_sim_output_scale_16pe_energy/action_count.yaml
conv1,16,4x4,systolic_array.PE[11].ifmap_spad,PE_SPAD,read,42525.0,/home/cs25m115/Neural_Acc/exp1/stage7c_per_layer_energy/runs/conv1_16pe/scale_sim_output_scale_16pe_energy/action_count.yaml
conv1,16,4x4,systolic_array.PE[12].ifmap_spad,PE_SPAD,write,24300.0,/home/cs25m115/Neural_Acc/exp1/stage7c_per_layer_energy/runs/conv1_16pe/scale_sim_output_scale_16pe_energy/action_count.yaml
conv1,16,4x4,systolic_array.PE[12].ifmap_spad,PE_SPAD,read,42525.0,/home/cs25m115/Neural_Acc/exp1/stage7c_per_layer_energy/runs/conv1_16pe/scale_sim_output_scale_16pe_energy/action_count.yaml
conv1,16,4x4,systolic_array.PE[13].ifmap_spad,PE_SPAD,write,24300.0,/home/cs25m115/Neural_Acc/exp1/stage7c_per_layer_energy/runs/conv1_16pe/scale_sim_output_scale_16pe_energy/action_count.yaml
conv1,16,4x4,systolic_array.PE[13].ifmap_spad,PE_SPAD,read,42525.0,/home/cs25m115/Neural_Acc/exp1/stage7c_per_layer_energy/runs/conv1_16pe/scale_sim_output_scale_16pe_energy/action_count.yaml
conv1,16,4x4,systolic_array.PE[14].ifmap_spad,PE_SPAD,write,24300.0,/home/cs25m115/Neural_Acc/exp1/stage7c_per_layer_energy/runs/conv1_16pe/scale_sim_output_scale_16pe_energy/action_count.yaml
conv1,16,4x4,systolic_array.PE[14].ifmap_spad,PE_SPAD,read,42525.0,/home/cs25m115/Neural_Acc/exp1/stage7c_per_layer_energy/runs/conv1_16pe/scale_sim_output_scale_16pe_energy/action_count.yaml
conv1,16,4x4,systolic_array.PE[15].ifmap_spad,PE_SPAD,write,24300.0,/home/cs25m115/Neural_Acc/exp1/stage7c_per_layer_energy/runs/conv1_16pe/scale_sim_output_scale_16pe_energy/action_count.yaml
conv1,16,4x4,systolic_array.PE[15].ifmap_spad,PE_SPAD,read,42525.0,/home/cs25m115/Neural_Acc/exp1/stage7c_per_layer_energy/runs/conv1_16pe/scale_sim_output_scale_16pe_energy/action_count.yaml
conv1,16,4x4,systolic_array.PE[0].psum_spad,PE_SPAD,write,25200.0,/home/cs25m115/Neural_Acc/exp1/stage7c_per_layer_energy/runs/conv1_16pe/scale_sim_output_scale_16pe_energy/action_count.yaml
conv1,16,4x4,systolic_array.PE[0].psum_spad,PE_SPAD,read,18900.0,/home/cs25m115/Neural_Acc/exp1/stage7c_per_layer_energy/runs/conv1_16pe/scale_sim_output_scale_16pe_energy/action_count.yaml
conv1,16,4x4,systolic_array.PE[1].psum_spad,PE_SPAD,write,25200.0,/home/cs25m115/Neural_Acc/exp1/stage7c_per_layer_energy/runs/conv1_16pe/scale_sim_output_scale_16pe_energy/action_count.yaml
conv1,16,4x4,systolic_array.PE[1].psum_spad,PE_SPAD,read,18900.0,/home/cs25m115/Neural_Acc/exp1/stage7c_per_layer_energy/runs/conv1_16pe/scale_sim_output_scale_16pe_energy/action_count.yaml
conv1,16,4x4,systolic_array.PE[2].psum_spad,PE_SPAD,write,25200.0,/home/cs25m115/Neural_Acc/exp1/stage7c_per_layer_energy/runs/conv1_16pe/scale_sim_output_scale_16pe_energy/action_count.yaml
conv1,16,4x4,systolic_array.PE[2].psum_spad,PE_SPAD,read,18900.0,/home/cs25m115/Neural_Acc/exp1/stage7c_per_layer_energy/runs/conv1_16pe/scale_sim_output_scale_16pe_energy/action_count.yaml
conv1,16,4x4,systolic_array.PE[3].psum_spad,PE_SPAD,write,25200.0,/home/cs25m115/Neural_Acc/exp1/stage7c_per_layer_energy/runs/conv1_16pe/scale_sim_output_scale_16pe_energy/action_count.yaml
conv1,16,4x4,systolic_array.PE[3].psum_spad,PE_SPAD,read,18900.0,/home/cs25m115/Neural_Acc/exp1/stage7c_per_layer_energy/runs/conv1_16pe/scale_sim_output_scale_16pe_energy/action_count.yaml
conv1,16,4x4,systolic_array.PE[4].psum_spad,PE_SPAD,write,25200.0,/home/cs25m115/Neural_Acc/exp1/stage7c_per_layer_energy/runs/conv1_16pe/scale_sim_output_scale_16pe_energy/action_count.yaml
conv1,16,4x4,systolic_array.PE[4].psum_spad,PE_SPAD,read,18900.0,/home/cs25m115/Neural_Acc/exp1/stage7c_per_layer_energy/runs/conv1_16pe/scale_sim_output_scale_16pe_energy/action_count.yaml
conv1,16,4x4,systolic_array.PE[5].psum_spad,PE_SPAD,write,25200.0,/home/cs25m115/Neural_Acc/exp1/stage7c_per_layer_energy/runs/conv1_16pe/scale_sim_output_scale_16pe_energy/action_count.yaml
conv1,16,4x4,systolic_array.PE[5].psum_spad,PE_SPAD,read,18900.0,/home/cs25m115/Neural_Acc/exp1/stage7c_per_layer_energy/runs/conv1_16pe/scale_sim_output_scale_16pe_energy/action_count.yaml
conv1,16,4x4,systolic_array.PE[6].psum_spad,PE_SPAD,write,25200.0,/home/cs25m115/Neural_Acc/exp1/stage7c_per_layer_energy/runs/conv1_16pe/scale_sim_output_scale_16pe_energy/action_count.yaml
conv1,16,4x4,systolic_array.PE[6].psum_spad,PE_SPAD,read,18900.0,/home/cs25m115/Neural_Acc/exp1/stage7c_per_layer_energy/runs/conv1_16pe/scale_sim_output_scale_16pe_energy/action_count.yaml
conv1,16,4x4,systolic_array.PE[7].psum_spad,PE_SPAD,write,25200.0,/home/cs25m115/Neural_Acc/exp1/stage7c_per_layer_energy/runs/conv1_16pe/scale_sim_output_scale_16pe_energy/action_count.yaml
conv1,16,4x4,systolic_array.PE[7].psum_spad,PE_SPAD,read,18900.0,/home/cs25m115/Neural_Acc/exp1/stage7c_per_layer_energy/runs/conv1_16pe/scale_sim_output_scale_16pe_energy/action_count.yaml
conv1,16,4x4,systolic_array.PE[8].psum_spad,PE_SPAD,write,25200.0,/home/cs25m115/Neural_Acc/exp1/stage7c_per_layer_energy/runs/conv1_16pe/scale_sim_output_scale_16pe_energy/action_count.yaml
conv1,16,4x4,systolic_array.PE[8].psum_spad,PE_SPAD,read,18900.0,/home/cs25m115/Neural_Acc/exp1/stage7c_per_layer_energy/runs/conv1_16pe/scale_sim_output_scale_16pe_energy/action_count.yaml
conv1,16,4x4,systolic_array.PE[9].psum_spad,PE_SPAD,write,25200.0,/home/cs25m115/Neural_Acc/exp1/stage7c_per_layer_energy/runs/conv1_16pe/scale_sim_output_scale_16pe_energy/action_count.yaml
conv1,16,4x4,systolic_array.PE[9].psum_spad,PE_SPAD,read,18900.0,/home/cs25m115/Neural_Acc/exp1/stage7c_per_layer_energy/runs/conv1_16pe/scale_sim_output_scale_16pe_energy/action_count.yaml
conv1,16,4x4,systolic_array.PE[10].psum_spad,PE_SPAD,write,25200.0,/home/cs25m115/Neural_Acc/exp1/stage7c_per_layer_energy/runs/conv1_16pe/scale_sim_output_scale_16pe_energy/action_count.yaml
conv1,16,4x4,systolic_array.PE[10].psum_spad,PE_SPAD,read,18900.0,/home/cs25m115/Neural_Acc/exp1/stage7c_per_layer_energy/runs/conv1_16pe/scale_sim_output_scale_16pe_energy/action_count.yaml
conv1,16,4x4,systolic_array.PE[11].psum_spad,PE_SPAD,write,25200.0,/home/cs25m115/Neural_Acc/exp1/stage7c_per_layer_energy/runs/conv1_16pe/scale_sim_output_scale_16pe_energy/action_count.yaml
conv1,16,4x4,systolic_array.PE[11].psum_spad,PE_SPAD,read,18900.0,/home/cs25m115/Neural_Acc/exp1/stage7c_per_layer_energy/runs/conv1_16pe/scale_sim_output_scale_16pe_energy/action_count.yaml
conv1,16,4x4,systolic_array.PE[12].psum_spad,PE_SPAD,write,25200.0,/home/cs25m115/Neural_Acc/exp1/stage7c_per_layer_energy/runs/conv1_16pe/scale_sim_output_scale_16pe_energy/action_count.yaml
conv1,16,4x4,systolic_array.PE[12].psum_spad,PE_SPAD,read,18900.0,/home/cs25m115/Neural_Acc/exp1/stage7c_per_layer_energy/runs/conv1_16pe/scale_sim_output_scale_16pe_energy/action_count.yaml
conv1,16,4x4,systolic_array.PE[13].psum_spad,PE_SPAD,write,25200.0,/home/cs25m115/Neural_Acc/exp1/stage7c_per_layer_energy/runs/conv1_16pe/scale_sim_output_scale_16pe_energy/action_count.yaml
conv1,16,4x4,systolic_array.PE[13].psum_spad,PE_SPAD,read,18900.0,/home/cs25m115/Neural_Acc/exp1/stage7c_per_layer_energy/runs/conv1_16pe/scale_sim_output_scale_16pe_energy/action_count.yaml
conv1,16,4x4,systolic_array.PE[14].psum_spad,PE_SPAD,write,25200.0,/home/cs25m115/Neural_Acc/exp1/stage7c_per_layer_energy/runs/conv1_16pe/scale_sim_output_scale_16pe_energy/action_count.yaml
conv1,16,4x4,systolic_array.PE[14].psum_spad,PE_SPAD,read,18900.0,/home/cs25m115/Neural_Acc/exp1/stage7c_per_layer_energy/runs/conv1_16pe/scale_sim_output_scale_16pe_energy/action_count.yaml
conv1,16,4x4,systolic_array.PE[15].psum_spad,PE_SPAD,write,25200.0,/home/cs25m115/Neural_Acc/exp1/stage7c_per_layer_energy/runs/conv1_16pe/scale_sim_output_scale_16pe_energy/action_count.yaml
conv1,16,4x4,systolic_array.PE[15].psum_spad,PE_SPAD,read,18900.0,/home/cs25m115/Neural_Acc/exp1/stage7c_per_layer_energy/runs/conv1_16pe/scale_sim_output_scale_16pe_energy/action_count.yaml
conv1,16,4x4,systolic_array.PE[0].mac,MAC,mac_random,25479.0,/home/cs25m115/Neural_Acc/exp1/stage7c_per_layer_energy/runs/conv1_16pe/scale_sim_output_scale_16pe_energy/action_count.yaml
conv1,16,4x4,systolic_array.PE[1].mac,MAC,mac_random,25479.0,/home/cs25m115/Neural_Acc/exp1/stage7c_per_layer_energy/runs/conv1_16pe/scale_sim_output_scale_16pe_energy/action_count.yaml
conv1,16,4x4,systolic_array.PE[2].mac,MAC,mac_random,25479.0,/home/cs25m115/Neural_Acc/exp1/stage7c_per_layer_energy/runs/conv1_16pe/scale_sim_output_scale_16pe_energy/action_count.yaml
conv1,16,4x4,systolic_array.PE[3].mac,MAC,mac_random,25479.0,/home/cs25m115/Neural_Acc/exp1/stage7c_per_layer_energy/runs/conv1_16pe/scale_sim_output_scale_16pe_energy/action_count.yaml
conv1,16,4x4,systolic_array.PE[4].mac,MAC,mac_random,25479.0,/home/cs25m115/Neural_Acc/exp1/stage7c_per_layer_energy/runs/conv1_16pe/scale_sim_output_scale_16pe_energy/action_count.yaml
conv1,16,4x4,systolic_array.PE[5].mac,MAC,mac_random,25479.0,/home/cs25m115/Neural_Acc/exp1/stage7c_per_layer_energy/runs/conv1_16pe/scale_sim_output_scale_16pe_energy/action_count.yaml
conv1,16,4x4,systolic_array.PE[6].mac,MAC,mac_random,25479.0,/home/cs25m115/Neural_Acc/exp1/stage7c_per_layer_energy/runs/conv1_16pe/scale_sim_output_scale_16pe_energy/action_count.yaml
conv1,16,4x4,systolic_array.PE[7].mac,MAC,mac_random,25479.0,/home/cs25m115/Neural_Acc/exp1/stage7c_per_layer_energy/runs/conv1_16pe/scale_sim_output_scale_16pe_energy/action_count.yaml
conv1,16,4x4,systolic_array.PE[8].mac,MAC,mac_random,25479.0,/home/cs25m115/Neural_Acc/exp1/stage7c_per_layer_energy/runs/conv1_16pe/scale_sim_output_scale_16pe_energy/action_count.yaml
conv1,16,4x4,systolic_array.PE[9].mac,MAC,mac_random,25479.0,/home/cs25m115/Neural_Acc/exp1/stage7c_per_layer_energy/runs/conv1_16pe/scale_sim_output_scale_16pe_energy/action_count.yaml
conv1,16,4x4,systolic_array.PE[10].mac,MAC,mac_random,25479.0,/home/cs25m115/Neural_Acc/exp1/stage7c_per_layer_energy/runs/conv1_16pe/scale_sim_output_scale_16pe_energy/action_count.yaml
conv1,16,4x4,systolic_array.PE[11].mac,MAC,mac_random,25479.0,/home/cs25m115/Neural_Acc/exp1/stage7c_per_layer_energy/runs/conv1_16pe/scale_sim_output_scale_16pe_energy/action_count.yaml
conv1,16,4x4,systolic_array.PE[12].mac,MAC,mac_random,25479.0,/home/cs25m115/Neural_Acc/exp1/stage7c_per_layer_energy/runs/conv1_16pe/scale_sim_output_scale_16pe_energy/action_count.yaml
conv1,16,4x4,systolic_array.PE[13].mac,MAC,mac_random,25479.0,/home/cs25m115/Neural_Acc/exp1/stage7c_per_layer_energy/runs/conv1_16pe/scale_sim_output_scale_16pe_energy/action_count.yaml
conv1,16,4x4,systolic_array.PE[14].mac,MAC,mac_random,25479.0,/home/cs25m115/Neural_Acc/exp1/stage7c_per_layer_energy/runs/conv1_16pe/scale_sim_output_scale_16pe_energy/action_count.yaml
conv1,16,4x4,systolic_array.PE[15].mac,MAC,mac_random,25479.0,/home/cs25m115/Neural_Acc/exp1/stage7c_per_layer_energy/runs/conv1_16pe/scale_sim_output_scale_16pe_energy/action_count.yaml
conv1,32,4x8,systolic_array.ifmap_dram,DRAM,read,3072.0,/home/cs25m115/Neural_Acc/exp1/stage7c_per_layer_energy/runs/conv1_32pe/scale_sim_output_scale_32pe_energy/action_count.yaml
conv1,32,4x8,systolic_array.ifmap_dram,DRAM,idle,-2416.0,/home/cs25m115/Neural_Acc/exp1/stage7c_per_layer_energy/runs/conv1_32pe/scale_sim_output_scale_32pe_energy/action_count.yaml
conv1,32,4x8,systolic_array.weights_dram,DRAM,read,432.0,/home/cs25m115/Neural_Acc/exp1/stage7c_per_layer_energy/runs/conv1_32pe/scale_sim_output_scale_32pe_energy/action_count.yaml
conv1,32,4x8,systolic_array.weights_dram,DRAM,idle,-300.0,/home/cs25m115/Neural_Acc/exp1/stage7c_per_layer_energy/runs/conv1_32pe/scale_sim_output_scale_32pe_energy/action_count.yaml
conv1,32,4x8,systolic_array.psum_dram,DRAM,write,100807.0,/home/cs25m115/Neural_Acc/exp1/stage7c_per_layer_energy/runs/conv1_32pe/scale_sim_output_scale_32pe_energy/action_count.yaml
conv1,32,4x8,systolic_array.psum_dram,DRAM,idle,-75979.0,/home/cs25m115/Neural_Acc/exp1/stage7c_per_layer_energy/runs/conv1_32pe/scale_sim_output_scale_32pe_energy/action_count.yaml
conv1,32,4x8,systolic_array.ifmap_glb,GLB_SRAM,read,10154.0,/home/cs25m115/Neural_Acc/exp1/stage7c_per_layer_energy/runs/conv1_32pe/scale_sim_output_scale_32pe_energy/action_count.yaml
conv1,32,4x8,systolic_array.ifmap_glb,GLB_SRAM,read,38446.0,/home/cs25m115/Neural_Acc/exp1/stage7c_per_layer_energy/runs/conv1_32pe/scale_sim_output_scale_32pe_energy/action_count.yaml
conv1,32,4x8,systolic_array.ifmap_glb,GLB_SRAM,idle,2536.0,/home/cs25m115/Neural_Acc/exp1/stage7c_per_layer_energy/runs/conv1_32pe/scale_sim_output_scale_32pe_energy/action_count.yaml
conv1,32,4x8,systolic_array.weights_glb,GLB_SRAM,read,176.0,/home/cs25m115/Neural_Acc/exp1/stage7c_per_layer_energy/runs/conv1_32pe/scale_sim_output_scale_32pe_energy/action_count.yaml
conv1,32,4x8,systolic_array.weights_glb,GLB_SRAM,read,256.0,/home/cs25m115/Neural_Acc/exp1/stage7c_per_layer_energy/runs/conv1_32pe/scale_sim_output_scale_32pe_energy/action_count.yaml
conv1,32,4x8,systolic_array.weights_glb,GLB_SRAM,idle,94656.0,/home/cs25m115/Neural_Acc/exp1/stage7c_per_layer_energy/runs/conv1_32pe/scale_sim_output_scale_32pe_energy/action_count.yaml
conv1,32,4x8,systolic_array.psum_glb,GLB_SRAM,update,62354.0,/home/cs25m115/Neural_Acc/exp1/stage7c_per_layer_energy/runs/conv1_32pe/scale_sim_output_scale_32pe_energy/action_count.yaml
conv1,32,4x8,systolic_array.psum_glb,GLB_SRAM,update,38446.0,/home/cs25m115/Neural_Acc/exp1/stage7c_per_layer_energy/runs/conv1_32pe/scale_sim_output_scale_32pe_energy/action_count.yaml
conv1,32,4x8,systolic_array.psum_glb,GLB_SRAM,idle,1512.0,/home/cs25m115/Neural_Acc/exp1/stage7c_per_layer_energy/runs/conv1_32pe/scale_sim_output_scale_32pe_energy/action_count.yaml
conv1,32,4x8,systolic_array.PE[0].weights_spad,PE_SPAD,write,33.0,/home/cs25m115/Neural_Acc/exp1/stage7c_per_layer_energy/runs/conv1_32pe/scale_sim_output_scale_32pe_energy/action_count.yaml
conv1,32,4x8,systolic_array.PE[0].weights_spad,PE_SPAD,read,12169.5,/home/cs25m115/Neural_Acc/exp1/stage7c_per_layer_energy/runs/conv1_32pe/scale_sim_output_scale_32pe_energy/action_count.yaml
conv1,32,4x8,systolic_array.PE[1].weights_spad,PE_SPAD,write,33.0,/home/cs25m115/Neural_Acc/exp1/stage7c_per_layer_energy/runs/conv1_32pe/scale_sim_output_scale_32pe_energy/action_count.yaml
conv1,32,4x8,systolic_array.PE[1].weights_spad,PE_SPAD,read,12169.5,/home/cs25m115/Neural_Acc/exp1/stage7c_per_layer_energy/runs/conv1_32pe/scale_sim_output_scale_32pe_energy/action_count.yaml
conv1,32,4x8,systolic_array.PE[2].weights_spad,PE_SPAD,write,33.0,/home/cs25m115/Neural_Acc/exp1/stage7c_per_layer_energy/runs/conv1_32pe/scale_sim_output_scale_32pe_energy/action_count.yaml
conv1,32,4x8,systolic_array.PE[2].weights_spad,PE_SPAD,read,12169.5,/home/cs25m115/Neural_Acc/exp1/stage7c_per_layer_energy/runs/conv1_32pe/scale_sim_output_scale_32pe_energy/action_count.yaml
conv1,32,4x8,systolic_array.PE[3].weights_spad,PE_SPAD,write,33.0,/home/cs25m115/Neural_Acc/exp1/stage7c_per_layer_energy/runs/conv1_32pe/scale_sim_output_scale_32pe_energy/action_count.yaml
conv1,32,4x8,systolic_array.PE[3].weights_spad,PE_SPAD,read,12169.5,/home/cs25m115/Neural_Acc/exp1/stage7c_per_layer_energy/runs/conv1_32pe/scale_sim_output_scale_32pe_energy/action_count.yaml
conv1,32,4x8,systolic_array.PE[4].weights_spad,PE_SPAD,write,33.0,/home/cs25m115/Neural_Acc/exp1/stage7c_per_layer_energy/runs/conv1_32pe/scale_sim_output_scale_32pe_energy/action_count.yaml
conv1,32,4x8,systolic_array.PE[4].weights_spad,PE_SPAD,read,12169.5,/home/cs25m115/Neural_Acc/exp1/stage7c_per_layer_energy/runs/conv1_32pe/scale_sim_output_scale_32pe_energy/action_count.yaml
conv1,32,4x8,systolic_array.PE[5].weights_spad,PE_SPAD,write,33.0,/home/cs25m115/Neural_Acc/exp1/stage7c_per_layer_energy/runs/conv1_32pe/scale_sim_output_scale_32pe_energy/action_count.yaml
conv1,32,4x8,systolic_array.PE[5].weights_spad,PE_SPAD,read,12169.5,/home/cs25m115/Neural_Acc/exp1/stage7c_per_layer_energy/runs/conv1_32pe/scale_sim_output_scale_32pe_energy/action_count.yaml
conv1,32,4x8,systolic_array.PE[6].weights_spad,PE_SPAD,write,33.0,/home/cs25m115/Neural_Acc/exp1/stage7c_per_layer_energy/runs/conv1_32pe/scale_sim_output_scale_32pe_energy/action_count.yaml
conv1,32,4x8,systolic_array.PE[6].weights_spad,PE_SPAD,read,12169.5,/home/cs25m115/Neural_Acc/exp1/stage7c_per_layer_energy/runs/conv1_32pe/scale_sim_output_scale_32pe_energy/action_count.yaml
conv1,32,4x8,systolic_array.PE[7].weights_spad,PE_SPAD,write,33.0,/home/cs25m115/Neural_Acc/exp1/stage7c_per_layer_energy/runs/conv1_32pe/scale_sim_output_scale_32pe_energy/action_count.yaml
conv1,32,4x8,systolic_array.PE[7].weights_spad,PE_SPAD,read,12169.5,/home/cs25m115/Neural_Acc/exp1/stage7c_per_layer_energy/runs/conv1_32pe/scale_sim_output_scale_32pe_energy/action_count.yaml
conv1,32,4x8,systolic_array.PE[8].weights_spad,PE_SPAD,write,33.0,/home/cs25m115/Neural_Acc/exp1/stage7c_per_layer_energy/runs/conv1_32pe/scale_sim_output_scale_32pe_energy/action_count.yaml
conv1,32,4x8,systolic_array.PE[8].weights_spad,PE_SPAD,read,12169.5,/home/cs25m115/Neural_Acc/exp1/stage7c_per_layer_energy/runs/conv1_32pe/scale_sim_output_scale_32pe_energy/action_count.yaml
conv1,32,4x8,systolic_array.PE[9].weights_spad,PE_SPAD,write,33.0,/home/cs25m115/Neural_Acc/exp1/stage7c_per_layer_energy/runs/conv1_32pe/scale_sim_output_scale_32pe_energy/action_count.yaml
conv1,32,4x8,systolic_array.PE[9].weights_spad,PE_SPAD,read,12169.5,/home/cs25m115/Neural_Acc/exp1/stage7c_per_layer_energy/runs/conv1_32pe/scale_sim_output_scale_32pe_energy/action_count.yaml
conv1,32,4x8,systolic_array.PE[10].weights_spad,PE_SPAD,write,33.0,/home/cs25m115/Neural_Acc/exp1/stage7c_per_layer_energy/runs/conv1_32pe/scale_sim_output_scale_32pe_energy/action_count.yaml
conv1,32,4x8,systolic_array.PE[10].weights_spad,PE_SPAD,read,12169.5,/home/cs25m115/Neural_Acc/exp1/stage7c_per_layer_energy/runs/conv1_32pe/scale_sim_output_scale_32pe_energy/action_count.yaml
conv1,32,4x8,systolic_array.PE[11].weights_spad,PE_SPAD,write,33.0,/home/cs25m115/Neural_Acc/exp1/stage7c_per_layer_energy/runs/conv1_32pe/scale_sim_output_scale_32pe_energy/action_count.yaml
conv1,32,4x8,systolic_array.PE[11].weights_spad,PE_SPAD,read,12169.5,/home/cs25m115/Neural_Acc/exp1/stage7c_per_layer_energy/runs/conv1_32pe/scale_sim_output_scale_32pe_energy/action_count.yaml
conv1,32,4x8,systolic_array.PE[12].weights_spad,PE_SPAD,write,33.0,/home/cs25m115/Neural_Acc/exp1/stage7c_per_layer_energy/runs/conv1_32pe/scale_sim_output_scale_32pe_energy/action_count.yaml
conv1,32,4x8,systolic_array.PE[12].weights_spad,PE_SPAD,read,12169.5,/home/cs25m115/Neural_Acc/exp1/stage7c_per_layer_energy/runs/conv1_32pe/scale_sim_output_scale_32pe_energy/action_count.yaml
conv1,32,4x8,systolic_array.PE[13].weights_spad,PE_SPAD,write,33.0,/home/cs25m115/Neural_Acc/exp1/stage7c_per_layer_energy/runs/conv1_32pe/scale_sim_output_scale_32pe_energy/action_count.yaml
conv1,32,4x8,systolic_array.PE[13].weights_spad,PE_SPAD,read,12169.5,/home/cs25m115/Neural_Acc/exp1/stage7c_per_layer_energy/runs/conv1_32pe/scale_sim_output_scale_32pe_energy/action_count.yaml
conv1,32,4x8,systolic_array.PE[14].weights_spad,PE_SPAD,write,33.0,/home/cs25m115/Neural_Acc/exp1/stage7c_per_layer_energy/runs/conv1_32pe/scale_sim_output_scale_32pe_energy/action_count.yaml
conv1,32,4x8,systolic_array.PE[14].weights_spad,PE_SPAD,read,12169.5,/home/cs25m115/Neural_Acc/exp1/stage7c_per_layer_energy/runs/conv1_32pe/scale_sim_output_scale_32pe_energy/action_count.yaml
conv1,32,4x8,systolic_array.PE[15].weights_spad,PE_SPAD,write,33.0,/home/cs25m115/Neural_Acc/exp1/stage7c_per_layer_energy/runs/conv1_32pe/scale_sim_output_scale_32pe_energy/action_count.yaml
conv1,32,4x8,systolic_array.PE[15].weights_spad,PE_SPAD,read,12169.5,/home/cs25m115/Neural_Acc/exp1/stage7c_per_layer_energy/runs/conv1_32pe/scale_sim_output_scale_32pe_energy/action_count.yaml
conv1,32,4x8,systolic_array.PE[16].weights_spad,PE_SPAD,write,33.0,/home/cs25m115/Neural_Acc/exp1/stage7c_per_layer_energy/runs/conv1_32pe/scale_sim_output_scale_32pe_energy/action_count.yaml
conv1,32,4x8,systolic_array.PE[16].weights_spad,PE_SPAD,read,12169.5,/home/cs25m115/Neural_Acc/exp1/stage7c_per_layer_energy/runs/conv1_32pe/scale_sim_output_scale_32pe_energy/action_count.yaml
conv1,32,4x8,systolic_array.PE[17].weights_spad,PE_SPAD,write,33.0,/home/cs25m115/Neural_Acc/exp1/stage7c_per_layer_energy/runs/conv1_32pe/scale_sim_output_scale_32pe_energy/action_count.yaml
conv1,32,4x8,systolic_array.PE[17].weights_spad,PE_SPAD,read,12169.5,/home/cs25m115/Neural_Acc/exp1/stage7c_per_layer_energy/runs/conv1_32pe/scale_sim_output_scale_32pe_energy/action_count.yaml
conv1,32,4x8,systolic_array.PE[18].weights_spad,PE_SPAD,write,33.0,/home/cs25m115/Neural_Acc/exp1/stage7c_per_layer_energy/runs/conv1_32pe/scale_sim_output_scale_32pe_energy/action_count.yaml
conv1,32,4x8,systolic_array.PE[18].weights_spad,PE_SPAD,read,12169.5,/home/cs25m115/Neural_Acc/exp1/stage7c_per_layer_energy/runs/conv1_32pe/scale_sim_output_scale_32pe_energy/action_count.yaml
conv1,32,4x8,systolic_array.PE[19].weights_spad,PE_SPAD,write,33.0,/home/cs25m115/Neural_Acc/exp1/stage7c_per_layer_energy/runs/conv1_32pe/scale_sim_output_scale_32pe_energy/action_count.yaml
conv1,32,4x8,systolic_array.PE[19].weights_spad,PE_SPAD,read,12169.5,/home/cs25m115/Neural_Acc/exp1/stage7c_per_layer_energy/runs/conv1_32pe/scale_sim_output_scale_32pe_energy/action_count.yaml
conv1,32,4x8,systolic_array.PE[20].weights_spad,PE_SPAD,write,33.0,/home/cs25m115/Neural_Acc/exp1/stage7c_per_layer_energy/runs/conv1_32pe/scale_sim_output_scale_32pe_energy/action_count.yaml
conv1,32,4x8,systolic_array.PE[20].weights_spad,PE_SPAD,read,12169.5,/home/cs25m115/Neural_Acc/exp1/stage7c_per_layer_energy/runs/conv1_32pe/scale_sim_output_scale_32pe_energy/action_count.yaml
conv1,32,4x8,systolic_array.PE[21].weights_spad,PE_SPAD,write,33.0,/home/cs25m115/Neural_Acc/exp1/stage7c_per_layer_energy/runs/conv1_32pe/scale_sim_output_scale_32pe_energy/action_count.yaml
conv1,32,4x8,systolic_array.PE[21].weights_spad,PE_SPAD,read,12169.5,/home/cs25m115/Neural_Acc/exp1/stage7c_per_layer_energy/runs/conv1_32pe/scale_sim_output_scale_32pe_energy/action_count.yaml
conv1,32,4x8,systolic_array.PE[22].weights_spad,PE_SPAD,write,33.0,/home/cs25m115/Neural_Acc/exp1/stage7c_per_layer_energy/runs/conv1_32pe/scale_sim_output_scale_32pe_energy/action_count.yaml
conv1,32,4x8,systolic_array.PE[22].weights_spad,PE_SPAD,read,12169.5,/home/cs25m115/Neural_Acc/exp1/stage7c_per_layer_energy/runs/conv1_32pe/scale_sim_output_scale_32pe_energy/action_count.yaml
conv1,32,4x8,systolic_array.PE[23].weights_spad,PE_SPAD,write,33.0,/home/cs25m115/Neural_Acc/exp1/stage7c_per_layer_energy/runs/conv1_32pe/scale_sim_output_scale_32pe_energy/action_count.yaml
conv1,32,4x8,systolic_array.PE[23].weights_spad,PE_SPAD,read,12169.5,/home/cs25m115/Neural_Acc/exp1/stage7c_per_layer_energy/runs/conv1_32pe/scale_sim_output_scale_32pe_energy/action_count.yaml
conv1,32,4x8,systolic_array.PE[24].weights_spad,PE_SPAD,write,33.0,/home/cs25m115/Neural_Acc/exp1/stage7c_per_layer_energy/runs/conv1_32pe/scale_sim_output_scale_32pe_energy/action_count.yaml
conv1,32,4x8,systolic_array.PE[24].weights_spad,PE_SPAD,read,12169.5,/home/cs25m115/Neural_Acc/exp1/stage7c_per_layer_energy/runs/conv1_32pe/scale_sim_output_scale_32pe_energy/action_count.yaml
conv1,32,4x8,systolic_array.PE[25].weights_spad,PE_SPAD,write,33.0,/home/cs25m115/Neural_Acc/exp1/stage7c_per_layer_energy/runs/conv1_32pe/scale_sim_output_scale_32pe_energy/action_count.yaml
conv1,32,4x8,systolic_array.PE[25].weights_spad,PE_SPAD,read,12169.5,/home/cs25m115/Neural_Acc/exp1/stage7c_per_layer_energy/runs/conv1_32pe/scale_sim_output_scale_32pe_energy/action_count.yaml
conv1,32,4x8,systolic_array.PE[26].weights_spad,PE_SPAD,write,33.0,/home/cs25m115/Neural_Acc/exp1/stage7c_per_layer_energy/runs/conv1_32pe/scale_sim_output_scale_32pe_energy/action_count.yaml
conv1,32,4x8,systolic_array.PE[26].weights_spad,PE_SPAD,read,12169.5,/home/cs25m115/Neural_Acc/exp1/stage7c_per_layer_energy/runs/conv1_32pe/scale_sim_output_scale_32pe_energy/action_count.yaml
conv1,32,4x8,systolic_array.PE[27].weights_spad,PE_SPAD,write,33.0,/home/cs25m115/Neural_Acc/exp1/stage7c_per_layer_energy/runs/conv1_32pe/scale_sim_output_scale_32pe_energy/action_count.yaml
conv1,32,4x8,systolic_array.PE[27].weights_spad,PE_SPAD,read,12169.5,/home/cs25m115/Neural_Acc/exp1/stage7c_per_layer_energy/runs/conv1_32pe/scale_sim_output_scale_32pe_energy/action_count.yaml
conv1,32,4x8,systolic_array.PE[28].weights_spad,PE_SPAD,write,33.0,/home/cs25m115/Neural_Acc/exp1/stage7c_per_layer_energy/runs/conv1_32pe/scale_sim_output_scale_32pe_energy/action_count.yaml
conv1,32,4x8,systolic_array.PE[28].weights_spad,PE_SPAD,read,12169.5,/home/cs25m115/Neural_Acc/exp1/stage7c_per_layer_energy/runs/conv1_32pe/scale_sim_output_scale_32pe_energy/action_count.yaml
conv1,32,4x8,systolic_array.PE[29].weights_spad,PE_SPAD,write,33.0,/home/cs25m115/Neural_Acc/exp1/stage7c_per_layer_energy/runs/conv1_32pe/scale_sim_output_scale_32pe_energy/action_count.yaml
conv1,32,4x8,systolic_array.PE[29].weights_spad,PE_SPAD,read,12169.5,/home/cs25m115/Neural_Acc/exp1/stage7c_per_layer_energy/runs/conv1_32pe/scale_sim_output_scale_32pe_energy/action_count.yaml
conv1,32,4x8,systolic_array.PE[30].weights_spad,PE_SPAD,write,33.0,/home/cs25m115/Neural_Acc/exp1/stage7c_per_layer_energy/runs/conv1_32pe/scale_sim_output_scale_32pe_energy/action_count.yaml
conv1,32,4x8,systolic_array.PE[30].weights_spad,PE_SPAD,read,12169.5,/home/cs25m115/Neural_Acc/exp1/stage7c_per_layer_energy/runs/conv1_32pe/scale_sim_output_scale_32pe_energy/action_count.yaml
conv1,32,4x8,systolic_array.PE[31].weights_spad,PE_SPAD,write,33.0,/home/cs25m115/Neural_Acc/exp1/stage7c_per_layer_energy/runs/conv1_32pe/scale_sim_output_scale_32pe_energy/action_count.yaml
conv1,32,4x8,systolic_array.PE[31].weights_spad,PE_SPAD,read,12169.5,/home/cs25m115/Neural_Acc/exp1/stage7c_per_layer_energy/runs/conv1_32pe/scale_sim_output_scale_32pe_energy/action_count.yaml
conv1,32,4x8,systolic_array.PE[0].ifmap_spad,PE_SPAD,write,12150.0,/home/cs25m115/Neural_Acc/exp1/stage7c_per_layer_energy/runs/conv1_32pe/scale_sim_output_scale_32pe_energy/action_count.yaml
conv1,32,4x8,systolic_array.PE[0].ifmap_spad,PE_SPAD,read,22781.25,/home/cs25m115/Neural_Acc/exp1/stage7c_per_layer_energy/runs/conv1_32pe/scale_sim_output_scale_32pe_energy/action_count.yaml
conv1,32,4x8,systolic_array.PE[1].ifmap_spad,PE_SPAD,write,12150.0,/home/cs25m115/Neural_Acc/exp1/stage7c_per_layer_energy/runs/conv1_32pe/scale_sim_output_scale_32pe_energy/action_count.yaml
conv1,32,4x8,systolic_array.PE[1].ifmap_spad,PE_SPAD,read,22781.25,/home/cs25m115/Neural_Acc/exp1/stage7c_per_layer_energy/runs/conv1_32pe/scale_sim_output_scale_32pe_energy/action_count.yaml
conv1,32,4x8,systolic_array.PE[2].ifmap_spad,PE_SPAD,write,12150.0,/home/cs25m115/Neural_Acc/exp1/stage7c_per_layer_energy/runs/conv1_32pe/scale_sim_output_scale_32pe_energy/action_count.yaml
conv1,32,4x8,systolic_array.PE[2].ifmap_spad,PE_SPAD,read,22781.25,/home/cs25m115/Neural_Acc/exp1/stage7c_per_layer_energy/runs/conv1_32pe/scale_sim_output_scale_32pe_energy/action_count.yaml
conv1,32,4x8,systolic_array.PE[3].ifmap_spad,PE_SPAD,write,12150.0,/home/cs25m115/Neural_Acc/exp1/stage7c_per_layer_energy/runs/conv1_32pe/scale_sim_output_scale_32pe_energy/action_count.yaml
conv1,32,4x8,systolic_array.PE[3].ifmap_spad,PE_SPAD,read,22781.25,/home/cs25m115/Neural_Acc/exp1/stage7c_per_layer_energy/runs/conv1_32pe/scale_sim_output_scale_32pe_energy/action_count.yaml
conv1,32,4x8,systolic_array.PE[4].ifmap_spad,PE_SPAD,write,12150.0,/home/cs25m115/Neural_Acc/exp1/stage7c_per_layer_energy/runs/conv1_32pe/scale_sim_output_scale_32pe_energy/action_count.yaml
conv1,32,4x8,systolic_array.PE[4].ifmap_spad,PE_SPAD,read,22781.25,/home/cs25m115/Neural_Acc/exp1/stage7c_per_layer_energy/runs/conv1_32pe/scale_sim_output_scale_32pe_energy/action_count.yaml
conv1,32,4x8,systolic_array.PE[5].ifmap_spad,PE_SPAD,write,12150.0,/home/cs25m115/Neural_Acc/exp1/stage7c_per_layer_energy/runs/conv1_32pe/scale_sim_output_scale_32pe_energy/action_count.yaml
conv1,32,4x8,systolic_array.PE[5].ifmap_spad,PE_SPAD,read,22781.25,/home/cs25m115/Neural_Acc/exp1/stage7c_per_layer_energy/runs/conv1_32pe/scale_sim_output_scale_32pe_energy/action_count.yaml
conv1,32,4x8,systolic_array.PE[6].ifmap_spad,PE_SPAD,write,12150.0,/home/cs25m115/Neural_Acc/exp1/stage7c_per_layer_energy/runs/conv1_32pe/scale_sim_output_scale_32pe_energy/action_count.yaml
conv1,32,4x8,systolic_array.PE[6].ifmap_spad,PE_SPAD,read,22781.25,/home/cs25m115/Neural_Acc/exp1/stage7c_per_layer_energy/runs/conv1_32pe/scale_sim_output_scale_32pe_energy/action_count.yaml
conv1,32,4x8,systolic_array.PE[7].ifmap_spad,PE_SPAD,write,12150.0,/home/cs25m115/Neural_Acc/exp1/stage7c_per_layer_energy/runs/conv1_32pe/scale_sim_output_scale_32pe_energy/action_count.yaml
conv1,32,4x8,systolic_array.PE[7].ifmap_spad,PE_SPAD,read,22781.25,/home/cs25m115/Neural_Acc/exp1/stage7c_per_layer_energy/runs/conv1_32pe/scale_sim_output_scale_32pe_energy/action_count.yaml
conv1,32,4x8,systolic_array.PE[8].ifmap_spad,PE_SPAD,write,12150.0,/home/cs25m115/Neural_Acc/exp1/stage7c_per_layer_energy/runs/conv1_32pe/scale_sim_output_scale_32pe_energy/action_count.yaml
conv1,32,4x8,systolic_array.PE[8].ifmap_spad,PE_SPAD,read,22781.25,/home/cs25m115/Neural_Acc/exp1/stage7c_per_layer_energy/runs/conv1_32pe/scale_sim_output_scale_32pe_energy/action_count.yaml
conv1,32,4x8,systolic_array.PE[9].ifmap_spad,PE_SPAD,write,12150.0,/home/cs25m115/Neural_Acc/exp1/stage7c_per_layer_energy/runs/conv1_32pe/scale_sim_output_scale_32pe_energy/action_count.yaml
conv1,32,4x8,systolic_array.PE[9].ifmap_spad,PE_SPAD,read,22781.25,/home/cs25m115/Neural_Acc/exp1/stage7c_per_layer_energy/runs/conv1_32pe/scale_sim_output_scale_32pe_energy/action_count.yaml
conv1,32,4x8,systolic_array.PE[10].ifmap_spad,PE_SPAD,write,12150.0,/home/cs25m115/Neural_Acc/exp1/stage7c_per_layer_energy/runs/conv1_32pe/scale_sim_output_scale_32pe_energy/action_count.yaml
conv1,32,4x8,systolic_array.PE[10].ifmap_spad,PE_SPAD,read,22781.25,/home/cs25m115/Neural_Acc/exp1/stage7c_per_layer_energy/runs/conv1_32pe/scale_sim_output_scale_32pe_energy/action_count.yaml
conv1,32,4x8,systolic_array.PE[11].ifmap_spad,PE_SPAD,write,12150.0,/home/cs25m115/Neural_Acc/exp1/stage7c_per_layer_energy/runs/conv1_32pe/scale_sim_output_scale_32pe_energy/action_count.yaml
conv1,32,4x8,systolic_array.PE[11].ifmap_spad,PE_SPAD,read,22781.25,/home/cs25m115/Neural_Acc/exp1/stage7c_per_layer_energy/runs/conv1_32pe/scale_sim_output_scale_32pe_energy/action_count.yaml
conv1,32,4x8,systolic_array.PE[12].ifmap_spad,PE_SPAD,write,12150.0,/home/cs25m115/Neural_Acc/exp1/stage7c_per_layer_energy/runs/conv1_32pe/scale_sim_output_scale_32pe_energy/action_count.yaml
conv1,32,4x8,systolic_array.PE[12].ifmap_spad,PE_SPAD,read,22781.25,/home/cs25m115/Neural_Acc/exp1/stage7c_per_layer_energy/runs/conv1_32pe/scale_sim_output_scale_32pe_energy/action_count.yaml
conv1,32,4x8,systolic_array.PE[13].ifmap_spad,PE_SPAD,write,12150.0,/home/cs25m115/Neural_Acc/exp1/stage7c_per_layer_energy/runs/conv1_32pe/scale_sim_output_scale_32pe_energy/action_count.yaml
conv1,32,4x8,systolic_array.PE[13].ifmap_spad,PE_SPAD,read,22781.25,/home/cs25m115/Neural_Acc/exp1/stage7c_per_layer_energy/runs/conv1_32pe/scale_sim_output_scale_32pe_energy/action_count.yaml
conv1,32,4x8,systolic_array.PE[14].ifmap_spad,PE_SPAD,write,12150.0,/home/cs25m115/Neural_Acc/exp1/stage7c_per_layer_energy/runs/conv1_32pe/scale_sim_output_scale_32pe_energy/action_count.yaml
conv1,32,4x8,systolic_array.PE[14].ifmap_spad,PE_SPAD,read,22781.25,/home/cs25m115/Neural_Acc/exp1/stage7c_per_layer_energy/runs/conv1_32pe/scale_sim_output_scale_32pe_energy/action_count.yaml
conv1,32,4x8,systolic_array.PE[15].ifmap_spad,PE_SPAD,write,12150.0,/home/cs25m115/Neural_Acc/exp1/stage7c_per_layer_energy/runs/conv1_32pe/scale_sim_output_scale_32pe_energy/action_count.yaml
conv1,32,4x8,systolic_array.PE[15].ifmap_spad,PE_SPAD,read,22781.25,/home/cs25m115/Neural_Acc/exp1/stage7c_per_layer_energy/runs/conv1_32pe/scale_sim_output_scale_32pe_energy/action_count.yaml
conv1,32,4x8,systolic_array.PE[16].ifmap_spad,PE_SPAD,write,12150.0,/home/cs25m115/Neural_Acc/exp1/stage7c_per_layer_energy/runs/conv1_32pe/scale_sim_output_scale_32pe_energy/action_count.yaml
conv1,32,4x8,systolic_array.PE[16].ifmap_spad,PE_SPAD,read,22781.25,/home/cs25m115/Neural_Acc/exp1/stage7c_per_layer_energy/runs/conv1_32pe/scale_sim_output_scale_32pe_energy/action_count.yaml
conv1,32,4x8,systolic_array.PE[17].ifmap_spad,PE_SPAD,write,12150.0,/home/cs25m115/Neural_Acc/exp1/stage7c_per_layer_energy/runs/conv1_32pe/scale_sim_output_scale_32pe_energy/action_count.yaml
conv1,32,4x8,systolic_array.PE[17].ifmap_spad,PE_SPAD,read,22781.25,/home/cs25m115/Neural_Acc/exp1/stage7c_per_layer_energy/runs/conv1_32pe/scale_sim_output_scale_32pe_energy/action_count.yaml
conv1,32,4x8,systolic_array.PE[18].ifmap_spad,PE_SPAD,write,12150.0,/home/cs25m115/Neural_Acc/exp1/stage7c_per_layer_energy/runs/conv1_32pe/scale_sim_output_scale_32pe_energy/action_count.yaml
conv1,32,4x8,systolic_array.PE[18].ifmap_spad,PE_SPAD,read,22781.25,/home/cs25m115/Neural_Acc/exp1/stage7c_per_layer_energy/runs/conv1_32pe/scale_sim_output_scale_32pe_energy/action_count.yaml
conv1,32,4x8,systolic_array.PE[19].ifmap_spad,PE_SPAD,write,12150.0,/home/cs25m115/Neural_Acc/exp1/stage7c_per_layer_energy/runs/conv1_32pe/scale_sim_output_scale_32pe_energy/action_count.yaml
conv1,32,4x8,systolic_array.PE[19].ifmap_spad,PE_SPAD,read,22781.25,/home/cs25m115/Neural_Acc/exp1/stage7c_per_layer_energy/runs/conv1_32pe/scale_sim_output_scale_32pe_energy/action_count.yaml
conv1,32,4x8,systolic_array.PE[20].ifmap_spad,PE_SPAD,write,12150.0,/home/cs25m115/Neural_Acc/exp1/stage7c_per_layer_energy/runs/conv1_32pe/scale_sim_output_scale_32pe_energy/action_count.yaml
conv1,32,4x8,systolic_array.PE[20].ifmap_spad,PE_SPAD,read,22781.25,/home/cs25m115/Neural_Acc/exp1/stage7c_per_layer_energy/runs/conv1_32pe/scale_sim_output_scale_32pe_energy/action_count.yaml
conv1,32,4x8,systolic_array.PE[21].ifmap_spad,PE_SPAD,write,12150.0,/home/cs25m115/Neural_Acc/exp1/stage7c_per_layer_energy/runs/conv1_32pe/scale_sim_output_scale_32pe_energy/action_count.yaml
conv1,32,4x8,systolic_array.PE[21].ifmap_spad,PE_SPAD,read,22781.25,/home/cs25m115/Neural_Acc/exp1/stage7c_per_layer_energy/runs/conv1_32pe/scale_sim_output_scale_32pe_energy/action_count.yaml
conv1,32,4x8,systolic_array.PE[22].ifmap_spad,PE_SPAD,write,12150.0,/home/cs25m115/Neural_Acc/exp1/stage7c_per_layer_energy/runs/conv1_32pe/scale_sim_output_scale_32pe_energy/action_count.yaml
conv1,32,4x8,systolic_array.PE[22].ifmap_spad,PE_SPAD,read,22781.25,/home/cs25m115/Neural_Acc/exp1/stage7c_per_layer_energy/runs/conv1_32pe/scale_sim_output_scale_32pe_energy/action_count.yaml
conv1,32,4x8,systolic_array.PE[23].ifmap_spad,PE_SPAD,write,12150.0,/home/cs25m115/Neural_Acc/exp1/stage7c_per_layer_energy/runs/conv1_32pe/scale_sim_output_scale_32pe_energy/action_count.yaml
conv1,32,4x8,systolic_array.PE[23].ifmap_spad,PE_SPAD,read,22781.25,/home/cs25m115/Neural_Acc/exp1/stage7c_per_layer_energy/runs/conv1_32pe/scale_sim_output_scale_32pe_energy/action_count.yaml
conv1,32,4x8,systolic_array.PE[24].ifmap_spad,PE_SPAD,write,12150.0,/home/cs25m115/Neural_Acc/exp1/stage7c_per_layer_energy/runs/conv1_32pe/scale_sim_output_scale_32pe_energy/action_count.yaml
conv1,32,4x8,systolic_array.PE[24].ifmap_spad,PE_SPAD,read,22781.25,/home/cs25m115/Neural_Acc/exp1/stage7c_per_layer_energy/runs/conv1_32pe/scale_sim_output_scale_32pe_energy/action_count.yaml
conv1,32,4x8,systolic_array.PE[25].ifmap_spad,PE_SPAD,write,12150.0,/home/cs25m115/Neural_Acc/exp1/stage7c_per_layer_energy/runs/conv1_32pe/scale_sim_output_scale_32pe_energy/action_count.yaml
conv1,32,4x8,systolic_array.PE[25].ifmap_spad,PE_SPAD,read,22781.25,/home/cs25m115/Neural_Acc/exp1/stage7c_per_layer_energy/runs/conv1_32pe/scale_sim_output_scale_32pe_energy/action_count.yaml
conv1,32,4x8,systolic_array.PE[26].ifmap_spad,PE_SPAD,write,12150.0,/home/cs25m115/Neural_Acc/exp1/stage7c_per_layer_energy/runs/conv1_32pe/scale_sim_output_scale_32pe_energy/action_count.yaml
conv1,32,4x8,systolic_array.PE[26].ifmap_spad,PE_SPAD,read,22781.25,/home/cs25m115/Neural_Acc/exp1/stage7c_per_layer_energy/runs/conv1_32pe/scale_sim_output_scale_32pe_energy/action_count.yaml
conv1,32,4x8,systolic_array.PE[27].ifmap_spad,PE_SPAD,write,12150.0,/home/cs25m115/Neural_Acc/exp1/stage7c_per_layer_energy/runs/conv1_32pe/scale_sim_output_scale_32pe_energy/action_count.yaml
conv1,32,4x8,systolic_array.PE[27].ifmap_spad,PE_SPAD,read,22781.25,/home/cs25m115/Neural_Acc/exp1/stage7c_per_layer_energy/runs/conv1_32pe/scale_sim_output_scale_32pe_energy/action_count.yaml
conv1,32,4x8,systolic_array.PE[28].ifmap_spad,PE_SPAD,write,12150.0,/home/cs25m115/Neural_Acc/exp1/stage7c_per_layer_energy/runs/conv1_32pe/scale_sim_output_scale_32pe_energy/action_count.yaml
conv1,32,4x8,systolic_array.PE[28].ifmap_spad,PE_SPAD,read,22781.25,/home/cs25m115/Neural_Acc/exp1/stage7c_per_layer_energy/runs/conv1_32pe/scale_sim_output_scale_32pe_energy/action_count.yaml
conv1,32,4x8,systolic_array.PE[29].ifmap_spad,PE_SPAD,write,12150.0,/home/cs25m115/Neural_Acc/exp1/stage7c_per_layer_energy/runs/conv1_32pe/scale_sim_output_scale_32pe_energy/action_count.yaml
conv1,32,4x8,systolic_array.PE[29].ifmap_spad,PE_SPAD,read,22781.25,/home/cs25m115/Neural_Acc/exp1/stage7c_per_layer_energy/runs/conv1_32pe/scale_sim_output_scale_32pe_energy/action_count.yaml
conv1,32,4x8,systolic_array.PE[30].ifmap_spad,PE_SPAD,write,12150.0,/home/cs25m115/Neural_Acc/exp1/stage7c_per_layer_energy/runs/conv1_32pe/scale_sim_output_scale_32pe_energy/action_count.yaml
conv1,32,4x8,systolic_array.PE[30].ifmap_spad,PE_SPAD,read,22781.25,/home/cs25m115/Neural_Acc/exp1/stage7c_per_layer_energy/runs/conv1_32pe/scale_sim_output_scale_32pe_energy/action_count.yaml
conv1,32,4x8,systolic_array.PE[31].ifmap_spad,PE_SPAD,write,12150.0,/home/cs25m115/Neural_Acc/exp1/stage7c_per_layer_energy/runs/conv1_32pe/scale_sim_output_scale_32pe_energy/action_count.yaml
conv1,32,4x8,systolic_array.PE[31].ifmap_spad,PE_SPAD,read,22781.25,/home/cs25m115/Neural_Acc/exp1/stage7c_per_layer_energy/runs/conv1_32pe/scale_sim_output_scale_32pe_energy/action_count.yaml
conv1,32,4x8,systolic_array.PE[0].psum_spad,PE_SPAD,write,12600.0,/home/cs25m115/Neural_Acc/exp1/stage7c_per_layer_energy/runs/conv1_32pe/scale_sim_output_scale_32pe_energy/action_count.yaml
conv1,32,4x8,systolic_array.PE[0].psum_spad,PE_SPAD,read,9450.0,/home/cs25m115/Neural_Acc/exp1/stage7c_per_layer_energy/runs/conv1_32pe/scale_sim_output_scale_32pe_energy/action_count.yaml
conv1,32,4x8,systolic_array.PE[1].psum_spad,PE_SPAD,write,12600.0,/home/cs25m115/Neural_Acc/exp1/stage7c_per_layer_energy/runs/conv1_32pe/scale_sim_output_scale_32pe_energy/action_count.yaml
conv1,32,4x8,systolic_array.PE[1].psum_spad,PE_SPAD,read,9450.0,/home/cs25m115/Neural_Acc/exp1/stage7c_per_layer_energy/runs/conv1_32pe/scale_sim_output_scale_32pe_energy/action_count.yaml
conv1,32,4x8,systolic_array.PE[2].psum_spad,PE_SPAD,write,12600.0,/home/cs25m115/Neural_Acc/exp1/stage7c_per_layer_energy/runs/conv1_32pe/scale_sim_output_scale_32pe_energy/action_count.yaml
conv1,32,4x8,systolic_array.PE[2].psum_spad,PE_SPAD,read,9450.0,/home/cs25m115/Neural_Acc/exp1/stage7c_per_layer_energy/runs/conv1_32pe/scale_sim_output_scale_32pe_energy/action_count.yaml
conv1,32,4x8,systolic_array.PE[3].psum_spad,PE_SPAD,write,12600.0,/home/cs25m115/Neural_Acc/exp1/stage7c_per_layer_energy/runs/conv1_32pe/scale_sim_output_scale_32pe_energy/action_count.yaml
conv1,32,4x8,systolic_array.PE[3].psum_spad,PE_SPAD,read,9450.0,/home/cs25m115/Neural_Acc/exp1/stage7c_per_layer_energy/runs/conv1_32pe/scale_sim_output_scale_32pe_energy/action_count.yaml
conv1,32,4x8,systolic_array.PE[4].psum_spad,PE_SPAD,write,12600.0,/home/cs25m115/Neural_Acc/exp1/stage7c_per_layer_energy/runs/conv1_32pe/scale_sim_output_scale_32pe_energy/action_count.yaml
conv1,32,4x8,systolic_array.PE[4].psum_spad,PE_SPAD,read,9450.0,/home/cs25m115/Neural_Acc/exp1/stage7c_per_layer_energy/runs/conv1_32pe/scale_sim_output_scale_32pe_energy/action_count.yaml
conv1,32,4x8,systolic_array.PE[5].psum_spad,PE_SPAD,write,12600.0,/home/cs25m115/Neural_Acc/exp1/stage7c_per_layer_energy/runs/conv1_32pe/scale_sim_output_scale_32pe_energy/action_count.yaml
conv1,32,4x8,systolic_array.PE[5].psum_spad,PE_SPAD,read,9450.0,/home/cs25m115/Neural_Acc/exp1/stage7c_per_layer_energy/runs/conv1_32pe/scale_sim_output_scale_32pe_energy/action_count.yaml
conv1,32,4x8,systolic_array.PE[6].psum_spad,PE_SPAD,write,12600.0,/home/cs25m115/Neural_Acc/exp1/stage7c_per_layer_energy/runs/conv1_32pe/scale_sim_output_scale_32pe_energy/action_count.yaml
conv1,32,4x8,systolic_array.PE[6].psum_spad,PE_SPAD,read,9450.0,/home/cs25m115/Neural_Acc/exp1/stage7c_per_layer_energy/runs/conv1_32pe/scale_sim_output_scale_32pe_energy/action_count.yaml
conv1,32,4x8,systolic_array.PE[7].psum_spad,PE_SPAD,write,12600.0,/home/cs25m115/Neural_Acc/exp1/stage7c_per_layer_energy/runs/conv1_32pe/scale_sim_output_scale_32pe_energy/action_count.yaml
conv1,32,4x8,systolic_array.PE[7].psum_spad,PE_SPAD,read,9450.0,/home/cs25m115/Neural_Acc/exp1/stage7c_per_layer_energy/runs/conv1_32pe/scale_sim_output_scale_32pe_energy/action_count.yaml
conv1,32,4x8,systolic_array.PE[8].psum_spad,PE_SPAD,write,12600.0,/home/cs25m115/Neural_Acc/exp1/stage7c_per_layer_energy/runs/conv1_32pe/scale_sim_output_scale_32pe_energy/action_count.yaml
conv1,32,4x8,systolic_array.PE[8].psum_spad,PE_SPAD,read,9450.0,/home/cs25m115/Neural_Acc/exp1/stage7c_per_layer_energy/runs/conv1_32pe/scale_sim_output_scale_32pe_energy/action_count.yaml
conv1,32,4x8,systolic_array.PE[9].psum_spad,PE_SPAD,write,12600.0,/home/cs25m115/Neural_Acc/exp1/stage7c_per_layer_energy/runs/conv1_32pe/scale_sim_output_scale_32pe_energy/action_count.yaml
conv1,32,4x8,systolic_array.PE[9].psum_spad,PE_SPAD,read,9450.0,/home/cs25m115/Neural_Acc/exp1/stage7c_per_layer_energy/runs/conv1_32pe/scale_sim_output_scale_32pe_energy/action_count.yaml
conv1,32,4x8,systolic_array.PE[10].psum_spad,PE_SPAD,write,12600.0,/home/cs25m115/Neural_Acc/exp1/stage7c_per_layer_energy/runs/conv1_32pe/scale_sim_output_scale_32pe_energy/action_count.yaml
conv1,32,4x8,systolic_array.PE[10].psum_spad,PE_SPAD,read,9450.0,/home/cs25m115/Neural_Acc/exp1/stage7c_per_layer_energy/runs/conv1_32pe/scale_sim_output_scale_32pe_energy/action_count.yaml
conv1,32,4x8,systolic_array.PE[11].psum_spad,PE_SPAD,write,12600.0,/home/cs25m115/Neural_Acc/exp1/stage7c_per_layer_energy/runs/conv1_32pe/scale_sim_output_scale_32pe_energy/action_count.yaml
conv1,32,4x8,systolic_array.PE[11].psum_spad,PE_SPAD,read,9450.0,/home/cs25m115/Neural_Acc/exp1/stage7c_per_layer_energy/runs/conv1_32pe/scale_sim_output_scale_32pe_energy/action_count.yaml
conv1,32,4x8,systolic_array.PE[12].psum_spad,PE_SPAD,write,12600.0,/home/cs25m115/Neural_Acc/exp1/stage7c_per_layer_energy/runs/conv1_32pe/scale_sim_output_scale_32pe_energy/action_count.yaml
conv1,32,4x8,systolic_array.PE[12].psum_spad,PE_SPAD,read,9450.0,/home/cs25m115/Neural_Acc/exp1/stage7c_per_layer_energy/runs/conv1_32pe/scale_sim_output_scale_32pe_energy/action_count.yaml
conv1,32,4x8,systolic_array.PE[13].psum_spad,PE_SPAD,write,12600.0,/home/cs25m115/Neural_Acc/exp1/stage7c_per_layer_energy/runs/conv1_32pe/scale_sim_output_scale_32pe_energy/action_count.yaml
conv1,32,4x8,systolic_array.PE[13].psum_spad,PE_SPAD,read,9450.0,/home/cs25m115/Neural_Acc/exp1/stage7c_per_layer_energy/runs/conv1_32pe/scale_sim_output_scale_32pe_energy/action_count.yaml
conv1,32,4x8,systolic_array.PE[14].psum_spad,PE_SPAD,write,12600.0,/home/cs25m115/Neural_Acc/exp1/stage7c_per_layer_energy/runs/conv1_32pe/scale_sim_output_scale_32pe_energy/action_count.yaml
conv1,32,4x8,systolic_array.PE[14].psum_spad,PE_SPAD,read,9450.0,/home/cs25m115/Neural_Acc/exp1/stage7c_per_layer_energy/runs/conv1_32pe/scale_sim_output_scale_32pe_energy/action_count.yaml
conv1,32,4x8,systolic_array.PE[15].psum_spad,PE_SPAD,write,12600.0,/home/cs25m115/Neural_Acc/exp1/stage7c_per_layer_energy/runs/conv1_32pe/scale_sim_output_scale_32pe_energy/action_count.yaml
conv1,32,4x8,systolic_array.PE[15].psum_spad,PE_SPAD,read,9450.0,/home/cs25m115/Neural_Acc/exp1/stage7c_per_layer_energy/runs/conv1_32pe/scale_sim_output_scale_32pe_energy/action_count.yaml
conv1,32,4x8,systolic_array.PE[16].psum_spad,PE_SPAD,write,12600.0,/home/cs25m115/Neural_Acc/exp1/stage7c_per_layer_energy/runs/conv1_32pe/scale_sim_output_scale_32pe_energy/action_count.yaml
conv1,32,4x8,systolic_array.PE[16].psum_spad,PE_SPAD,read,9450.0,/home/cs25m115/Neural_Acc/exp1/stage7c_per_layer_energy/runs/conv1_32pe/scale_sim_output_scale_32pe_energy/action_count.yaml
conv1,32,4x8,systolic_array.PE[17].psum_spad,PE_SPAD,write,12600.0,/home/cs25m115/Neural_Acc/exp1/stage7c_per_layer_energy/runs/conv1_32pe/scale_sim_output_scale_32pe_energy/action_count.yaml
conv1,32,4x8,systolic_array.PE[17].psum_spad,PE_SPAD,read,9450.0,/home/cs25m115/Neural_Acc/exp1/stage7c_per_layer_energy/runs/conv1_32pe/scale_sim_output_scale_32pe_energy/action_count.yaml
conv1,32,4x8,systolic_array.PE[18].psum_spad,PE_SPAD,write,12600.0,/home/cs25m115/Neural_Acc/exp1/stage7c_per_layer_energy/runs/conv1_32pe/scale_sim_output_scale_32pe_energy/action_count.yaml
conv1,32,4x8,systolic_array.PE[18].psum_spad,PE_SPAD,read,9450.0,/home/cs25m115/Neural_Acc/exp1/stage7c_per_layer_energy/runs/conv1_32pe/scale_sim_output_scale_32pe_energy/action_count.yaml
conv1,32,4x8,systolic_array.PE[19].psum_spad,PE_SPAD,write,12600.0,/home/cs25m115/Neural_Acc/exp1/stage7c_per_layer_energy/runs/conv1_32pe/scale_sim_output_scale_32pe_energy/action_count.yaml
conv1,32,4x8,systolic_array.PE[19].psum_spad,PE_SPAD,read,9450.0,/home/cs25m115/Neural_Acc/exp1/stage7c_per_layer_energy/runs/conv1_32pe/scale_sim_output_scale_32pe_energy/action_count.yaml
conv1,32,4x8,systolic_array.PE[20].psum_spad,PE_SPAD,write,12600.0,/home/cs25m115/Neural_Acc/exp1/stage7c_per_layer_energy/runs/conv1_32pe/scale_sim_output_scale_32pe_energy/action_count.yaml
conv1,32,4x8,systolic_array.PE[20].psum_spad,PE_SPAD,read,9450.0,/home/cs25m115/Neural_Acc/exp1/stage7c_per_layer_energy/runs/conv1_32pe/scale_sim_output_scale_32pe_energy/action_count.yaml
conv1,32,4x8,systolic_array.PE[21].psum_spad,PE_SPAD,write,12600.0,/home/cs25m115/Neural_Acc/exp1/stage7c_per_layer_energy/runs/conv1_32pe/scale_sim_output_scale_32pe_energy/action_count.yaml
conv1,32,4x8,systolic_array.PE[21].psum_spad,PE_SPAD,read,9450.0,/home/cs25m115/Neural_Acc/exp1/stage7c_per_layer_energy/runs/conv1_32pe/scale_sim_output_scale_32pe_energy/action_count.yaml
conv1,32,4x8,systolic_array.PE[22].psum_spad,PE_SPAD,write,12600.0,/home/cs25m115/Neural_Acc/exp1/stage7c_per_layer_energy/runs/conv1_32pe/scale_sim_output_scale_32pe_energy/action_count.yaml
conv1,32,4x8,systolic_array.PE[22].psum_spad,PE_SPAD,read,9450.0,/home/cs25m115/Neural_Acc/exp1/stage7c_per_layer_energy/runs/conv1_32pe/scale_sim_output_scale_32pe_energy/action_count.yaml
conv1,32,4x8,systolic_array.PE[23].psum_spad,PE_SPAD,write,12600.0,/home/cs25m115/Neural_Acc/exp1/stage7c_per_layer_energy/runs/conv1_32pe/scale_sim_output_scale_32pe_energy/action_count.yaml
conv1,32,4x8,systolic_array.PE[23].psum_spad,PE_SPAD,read,9450.0,/home/cs25m115/Neural_Acc/exp1/stage7c_per_layer_energy/runs/conv1_32pe/scale_sim_output_scale_32pe_energy/action_count.yaml
conv1,32,4x8,systolic_array.PE[24].psum_spad,PE_SPAD,write,12600.0,/home/cs25m115/Neural_Acc/exp1/stage7c_per_layer_energy/runs/conv1_32pe/scale_sim_output_scale_32pe_energy/action_count.yaml
conv1,32,4x8,systolic_array.PE[24].psum_spad,PE_SPAD,read,9450.0,/home/cs25m115/Neural_Acc/exp1/stage7c_per_layer_energy/runs/conv1_32pe/scale_sim_output_scale_32pe_energy/action_count.yaml
conv1,32,4x8,systolic_array.PE[25].psum_spad,PE_SPAD,write,12600.0,/home/cs25m115/Neural_Acc/exp1/stage7c_per_layer_energy/runs/conv1_32pe/scale_sim_output_scale_32pe_energy/action_count.yaml
conv1,32,4x8,systolic_array.PE[25].psum_spad,PE_SPAD,read,9450.0,/home/cs25m115/Neural_Acc/exp1/stage7c_per_layer_energy/runs/conv1_32pe/scale_sim_output_scale_32pe_energy/action_count.yaml
conv1,32,4x8,systolic_array.PE[26].psum_spad,PE_SPAD,write,12600.0,/home/cs25m115/Neural_Acc/exp1/stage7c_per_layer_energy/runs/conv1_32pe/scale_sim_output_scale_32pe_energy/action_count.yaml
conv1,32,4x8,systolic_array.PE[26].psum_spad,PE_SPAD,read,9450.0,/home/cs25m115/Neural_Acc/exp1/stage7c_per_layer_energy/runs/conv1_32pe/scale_sim_output_scale_32pe_energy/action_count.yaml
conv1,32,4x8,systolic_array.PE[27].psum_spad,PE_SPAD,write,12600.0,/home/cs25m115/Neural_Acc/exp1/stage7c_per_layer_energy/runs/conv1_32pe/scale_sim_output_scale_32pe_energy/action_count.yaml
conv1,32,4x8,systolic_array.PE[27].psum_spad,PE_SPAD,read,9450.0,/home/cs25m115/Neural_Acc/exp1/stage7c_per_layer_energy/runs/conv1_32pe/scale_sim_output_scale_32pe_energy/action_count.yaml
conv1,32,4x8,systolic_array.PE[28].psum_spad,PE_SPAD,write,12600.0,/home/cs25m115/Neural_Acc/exp1/stage7c_per_layer_energy/runs/conv1_32pe/scale_sim_output_scale_32pe_energy/action_count.yaml
conv1,32,4x8,systolic_array.PE[28].psum_spad,PE_SPAD,read,9450.0,/home/cs25m115/Neural_Acc/exp1/stage7c_per_layer_energy/runs/conv1_32pe/scale_sim_output_scale_32pe_energy/action_count.yaml
conv1,32,4x8,systolic_array.PE[29].psum_spad,PE_SPAD,write,12600.0,/home/cs25m115/Neural_Acc/exp1/stage7c_per_layer_energy/runs/conv1_32pe/scale_sim_output_scale_32pe_energy/action_count.yaml
conv1,32,4x8,systolic_array.PE[29].psum_spad,PE_SPAD,read,9450.0,/home/cs25m115/Neural_Acc/exp1/stage7c_per_layer_energy/runs/conv1_32pe/scale_sim_output_scale_32pe_energy/action_count.yaml
conv1,32,4x8,systolic_array.PE[30].psum_spad,PE_SPAD,write,12600.0,/home/cs25m115/Neural_Acc/exp1/stage7c_per_layer_energy/runs/conv1_32pe/scale_sim_output_scale_32pe_energy/action_count.yaml
conv1,32,4x8,systolic_array.PE[30].psum_spad,PE_SPAD,read,9450.0,/home/cs25m115/Neural_Acc/exp1/stage7c_per_layer_energy/runs/conv1_32pe/scale_sim_output_scale_32pe_energy/action_count.yaml
conv1,32,4x8,systolic_array.PE[31].psum_spad,PE_SPAD,write,12600.0,/home/cs25m115/Neural_Acc/exp1/stage7c_per_layer_energy/runs/conv1_32pe/scale_sim_output_scale_32pe_energy/action_count.yaml
conv1,32,4x8,systolic_array.PE[31].psum_spad,PE_SPAD,read,9450.0,/home/cs25m115/Neural_Acc/exp1/stage7c_per_layer_energy/runs/conv1_32pe/scale_sim_output_scale_32pe_energy/action_count.yaml
conv1,32,4x8,systolic_array.PE[0].mac,MAC,mac_random,12795.0,/home/cs25m115/Neural_Acc/exp1/stage7c_per_layer_energy/runs/conv1_32pe/scale_sim_output_scale_32pe_energy/action_count.yaml
conv1,32,4x8,systolic_array.PE[1].mac,MAC,mac_random,12795.0,/home/cs25m115/Neural_Acc/exp1/stage7c_per_layer_energy/runs/conv1_32pe/scale_sim_output_scale_32pe_energy/action_count.yaml
conv1,32,4x8,systolic_array.PE[2].mac,MAC,mac_random,12795.0,/home/cs25m115/Neural_Acc/exp1/stage7c_per_layer_energy/runs/conv1_32pe/scale_sim_output_scale_32pe_energy/action_count.yaml
conv1,32,4x8,systolic_array.PE[3].mac,MAC,mac_random,12795.0,/home/cs25m115/Neural_Acc/exp1/stage7c_per_layer_energy/runs/conv1_32pe/scale_sim_output_scale_32pe_energy/action_count.yaml
conv1,32,4x8,systolic_array.PE[4].mac,MAC,mac_random,12795.0,/home/cs25m115/Neural_Acc/exp1/stage7c_per_layer_energy/runs/conv1_32pe/scale_sim_output_scale_32pe_energy/action_count.yaml
conv1,32,4x8,systolic_array.PE[5].mac,MAC,mac_random,12795.0,/home/cs25m115/Neural_Acc/exp1/stage7c_per_layer_energy/runs/conv1_32pe/scale_sim_output_scale_32pe_energy/action_count.yaml
conv1,32,4x8,systolic_array.PE[6].mac,MAC,mac_random,12795.0,/home/cs25m115/Neural_Acc/exp1/stage7c_per_layer_energy/runs/conv1_32pe/scale_sim_output_scale_32pe_energy/action_count.yaml
conv1,32,4x8,systolic_array.PE[7].mac,MAC,mac_random,12795.0,/home/cs25m115/Neural_Acc/exp1/stage7c_per_layer_energy/runs/conv1_32pe/scale_sim_output_scale_32pe_energy/action_count.yaml
conv1,32,4x8,systolic_array.PE[8].mac,MAC,mac_random,12795.0,/home/cs25m115/Neural_Acc/exp1/stage7c_per_layer_energy/runs/conv1_32pe/scale_sim_output_scale_32pe_energy/action_count.yaml
conv1,32,4x8,systolic_array.PE[9].mac,MAC,mac_random,12795.0,/home/cs25m115/Neural_Acc/exp1/stage7c_per_layer_energy/runs/conv1_32pe/scale_sim_output_scale_32pe_energy/action_count.yaml
conv1,32,4x8,systolic_array.PE[10].mac,MAC,mac_random,12795.0,/home/cs25m115/Neural_Acc/exp1/stage7c_per_layer_energy/runs/conv1_32pe/scale_sim_output_scale_32pe_energy/action_count.yaml
conv1,32,4x8,systolic_array.PE[11].mac,MAC,mac_random,12795.0,/home/cs25m115/Neural_Acc/exp1/stage7c_per_layer_energy/runs/conv1_32pe/scale_sim_output_scale_32pe_energy/action_count.yaml
conv1,32,4x8,systolic_array.PE[12].mac,MAC,mac_random,12795.0,/home/cs25m115/Neural_Acc/exp1/stage7c_per_layer_energy/runs/conv1_32pe/scale_sim_output_scale_32pe_energy/action_count.yaml
conv1,32,4x8,systolic_array.PE[13].mac,MAC,mac_random,12795.0,/home/cs25m115/Neural_Acc/exp1/stage7c_per_layer_energy/runs/conv1_32pe/scale_sim_output_scale_32pe_energy/action_count.yaml
conv1,32,4x8,systolic_array.PE[14].mac,MAC,mac_random,12795.0,/home/cs25m115/Neural_Acc/exp1/stage7c_per_layer_energy/runs/conv1_32pe/scale_sim_output_scale_32pe_energy/action_count.yaml
conv1,32,4x8,systolic_array.PE[15].mac,MAC,mac_random,12795.0,/home/cs25m115/Neural_Acc/exp1/stage7c_per_layer_energy/runs/conv1_32pe/scale_sim_output_scale_32pe_energy/action_count.yaml
conv1,32,4x8,systolic_array.PE[16].mac,MAC,mac_random,12795.0,/home/cs25m115/Neural_Acc/exp1/stage7c_per_layer_energy/runs/conv1_32pe/scale_sim_output_scale_32pe_energy/action_count.yaml
conv1,32,4x8,systolic_array.PE[17].mac,MAC,mac_random,12795.0,/home/cs25m115/Neural_Acc/exp1/stage7c_per_layer_energy/runs/conv1_32pe/scale_sim_output_scale_32pe_energy/action_count.yaml
conv1,32,4x8,systolic_array.PE[18].mac,MAC,mac_random,12795.0,/home/cs25m115/Neural_Acc/exp1/stage7c_per_layer_energy/runs/conv1_32pe/scale_sim_output_scale_32pe_energy/action_count.yaml
conv1,32,4x8,systolic_array.PE[19].mac,MAC,mac_random,12795.0,/home/cs25m115/Neural_Acc/exp1/stage7c_per_layer_energy/runs/conv1_32pe/scale_sim_output_scale_32pe_energy/action_count.yaml
conv1,32,4x8,systolic_array.PE[20].mac,MAC,mac_random,12795.0,/home/cs25m115/Neural_Acc/exp1/stage7c_per_layer_energy/runs/conv1_32pe/scale_sim_output_scale_32pe_energy/action_count.yaml
conv1,32,4x8,systolic_array.PE[21].mac,MAC,mac_random,12795.0,/home/cs25m115/Neural_Acc/exp1/stage7c_per_layer_energy/runs/conv1_32pe/scale_sim_output_scale_32pe_energy/action_count.yaml
conv1,32,4x8,systolic_array.PE[22].mac,MAC,mac_random,12795.0,/home/cs25m115/Neural_Acc/exp1/stage7c_per_layer_energy/runs/conv1_32pe/scale_sim_output_scale_32pe_energy/action_count.yaml
conv1,32,4x8,systolic_array.PE[23].mac,MAC,mac_random,12795.0,/home/cs25m115/Neural_Acc/exp1/stage7c_per_layer_energy/runs/conv1_32pe/scale_sim_output_scale_32pe_energy/action_count.yaml
conv1,32,4x8,systolic_array.PE[24].mac,MAC,mac_random,12795.0,/home/cs25m115/Neural_Acc/exp1/stage7c_per_layer_energy/runs/conv1_32pe/scale_sim_output_scale_32pe_energy/action_count.yaml
conv1,32,4x8,systolic_array.PE[25].mac,MAC,mac_random,12795.0,/home/cs25m115/Neural_Acc/exp1/stage7c_per_layer_energy/runs/conv1_32pe/scale_sim_output_scale_32pe_energy/action_count.yaml
conv1,32,4x8,systolic_array.PE[26].mac,MAC,mac_random,12795.0,/home/cs25m115/Neural_Acc/exp1/stage7c_per_layer_energy/runs/conv1_32pe/scale_sim_output_scale_32pe_energy/action_count.yaml
conv1,32,4x8,systolic_array.PE[27].mac,MAC,mac_random,12795.0,/home/cs25m115/Neural_Acc/exp1/stage7c_per_layer_energy/runs/conv1_32pe/scale_sim_output_scale_32pe_energy/action_count.yaml
conv1,32,4x8,systolic_array.PE[28].mac,MAC,mac_random,12795.0,/home/cs25m115/Neural_Acc/exp1/stage7c_per_layer_energy/runs/conv1_32pe/scale_sim_output_scale_32pe_energy/action_count.yaml
conv1,32,4x8,systolic_array.PE[29].mac,MAC,mac_random,12795.0,/home/cs25m115/Neural_Acc/exp1/stage7c_per_layer_energy/runs/conv1_32pe/scale_sim_output_scale_32pe_energy/action_count.yaml
conv1,32,4x8,systolic_array.PE[30].mac,MAC,mac_random,12795.0,/home/cs25m115/Neural_Acc/exp1/stage7c_per_layer_energy/runs/conv1_32pe/scale_sim_output_scale_32pe_energy/action_count.yaml
conv1,32,4x8,systolic_array.PE[31].mac,MAC,mac_random,12795.0,/home/cs25m115/Neural_Acc/exp1/stage7c_per_layer_energy/runs/conv1_32pe/scale_sim_output_scale_32pe_energy/action_count.yaml
conv1,64,8x8,systolic_array.ifmap_dram,DRAM,read,3072.0,/home/cs25m115/Neural_Acc/exp1/stage7c_per_layer_energy/runs/conv1_64pe/scale_sim_output_scale_64pe_energy/action_count.yaml
conv1,64,8x8,systolic_array.ifmap_dram,DRAM,idle,-2416.0,/home/cs25m115/Neural_Acc/exp1/stage7c_per_layer_energy/runs/conv1_64pe/scale_sim_output_scale_64pe_energy/action_count.yaml
conv1,64,8x8,systolic_array.weights_dram,DRAM,read,432.0,/home/cs25m115/Neural_Acc/exp1/stage7c_per_layer_energy/runs/conv1_64pe/scale_sim_output_scale_64pe_energy/action_count.yaml
conv1,64,8x8,systolic_array.weights_dram,DRAM,idle,-300.0,/home/cs25m115/Neural_Acc/exp1/stage7c_per_layer_energy/runs/conv1_64pe/scale_sim_output_scale_64pe_energy/action_count.yaml
conv1,64,8x8,systolic_array.psum_dram,DRAM,write,57607.0,/home/cs25m115/Neural_Acc/exp1/stage7c_per_layer_energy/runs/conv1_64pe/scale_sim_output_scale_64pe_energy/action_count.yaml
conv1,64,8x8,systolic_array.psum_dram,DRAM,idle,-45051.0,/home/cs25m115/Neural_Acc/exp1/stage7c_per_layer_energy/runs/conv1_64pe/scale_sim_output_scale_64pe_energy/action_count.yaml
conv1,64,8x8,systolic_array.ifmap_glb,GLB_SRAM,read,6878.0,/home/cs25m115/Neural_Acc/exp1/stage7c_per_layer_energy/runs/conv1_64pe/scale_sim_output_scale_64pe_energy/action_count.yaml
conv1,64,8x8,systolic_array.ifmap_glb,GLB_SRAM,read,41722.0,/home/cs25m115/Neural_Acc/exp1/stage7c_per_layer_energy/runs/conv1_64pe/scale_sim_output_scale_64pe_energy/action_count.yaml
conv1,64,8x8,systolic_array.ifmap_glb,GLB_SRAM,idle,10248.0,/home/cs25m115/Neural_Acc/exp1/stage7c_per_layer_energy/runs/conv1_64pe/scale_sim_output_scale_64pe_energy/action_count.yaml
conv1,64,8x8,systolic_array.weights_glb,GLB_SRAM,read,138.0,/home/cs25m115/Neural_Acc/exp1/stage7c_per_layer_energy/runs/conv1_64pe/scale_sim_output_scale_64pe_energy/action_count.yaml
conv1,64,8x8,systolic_array.weights_glb,GLB_SRAM,read,294.0,/home/cs25m115/Neural_Acc/exp1/stage7c_per_layer_energy/runs/conv1_64pe/scale_sim_output_scale_64pe_energy/action_count.yaml
conv1,64,8x8,systolic_array.weights_glb,GLB_SRAM,idle,51264.0,/home/cs25m115/Neural_Acc/exp1/stage7c_per_layer_energy/runs/conv1_64pe/scale_sim_output_scale_64pe_energy/action_count.yaml
conv1,64,8x8,systolic_array.psum_glb,GLB_SRAM,update,15878.0,/home/cs25m115/Neural_Acc/exp1/stage7c_per_layer_energy/runs/conv1_64pe/scale_sim_output_scale_64pe_energy/action_count.yaml
conv1,64,8x8,systolic_array.psum_glb,GLB_SRAM,update,41722.0,/home/cs25m115/Neural_Acc/exp1/stage7c_per_layer_energy/runs/conv1_64pe/scale_sim_output_scale_64pe_energy/action_count.yaml
conv1,64,8x8,systolic_array.psum_glb,GLB_SRAM,idle,1288.0,/home/cs25m115/Neural_Acc/exp1/stage7c_per_layer_energy/runs/conv1_64pe/scale_sim_output_scale_64pe_energy/action_count.yaml
conv1,64,8x8,systolic_array.PE[0].weights_spad,PE_SPAD,write,28.5,/home/cs25m115/Neural_Acc/exp1/stage7c_per_layer_energy/runs/conv1_64pe/scale_sim_output_scale_64pe_energy/action_count.yaml
conv1,64,8x8,systolic_array.PE[0].weights_spad,PE_SPAD,read,6096.75,/home/cs25m115/Neural_Acc/exp1/stage7c_per_layer_energy/runs/conv1_64pe/scale_sim_output_scale_64pe_energy/action_count.yaml
conv1,64,8x8,systolic_array.PE[1].weights_spad,PE_SPAD,write,28.5,/home/cs25m115/Neural_Acc/exp1/stage7c_per_layer_energy/runs/conv1_64pe/scale_sim_output_scale_64pe_energy/action_count.yaml
conv1,64,8x8,systolic_array.PE[1].weights_spad,PE_SPAD,read,6096.75,/home/cs25m115/Neural_Acc/exp1/stage7c_per_layer_energy/runs/conv1_64pe/scale_sim_output_scale_64pe_energy/action_count.yaml
conv1,64,8x8,systolic_array.PE[2].weights_spad,PE_SPAD,write,28.5,/home/cs25m115/Neural_Acc/exp1/stage7c_per_layer_energy/runs/conv1_64pe/scale_sim_output_scale_64pe_energy/action_count.yaml
conv1,64,8x8,systolic_array.PE[2].weights_spad,PE_SPAD,read,6096.75,/home/cs25m115/Neural_Acc/exp1/stage7c_per_layer_energy/runs/conv1_64pe/scale_sim_output_scale_64pe_energy/action_count.yaml
conv1,64,8x8,systolic_array.PE[3].weights_spad,PE_SPAD,write,28.5,/home/cs25m115/Neural_Acc/exp1/stage7c_per_layer_energy/runs/conv1_64pe/scale_sim_output_scale_64pe_energy/action_count.yaml
conv1,64,8x8,systolic_array.PE[3].weights_spad,PE_SPAD,read,6096.75,/home/cs25m115/Neural_Acc/exp1/stage7c_per_layer_energy/runs/conv1_64pe/scale_sim_output_scale_64pe_energy/action_count.yaml
conv1,64,8x8,systolic_array.PE[4].weights_spad,PE_SPAD,write,28.5,/home/cs25m115/Neural_Acc/exp1/stage7c_per_layer_energy/runs/conv1_64pe/scale_sim_output_scale_64pe_energy/action_count.yaml
conv1,64,8x8,systolic_array.PE[4].weights_spad,PE_SPAD,read,6096.75,/home/cs25m115/Neural_Acc/exp1/stage7c_per_layer_energy/runs/conv1_64pe/scale_sim_output_scale_64pe_energy/action_count.yaml
conv1,64,8x8,systolic_array.PE[5].weights_spad,PE_SPAD,write,28.5,/home/cs25m115/Neural_Acc/exp1/stage7c_per_layer_energy/runs/conv1_64pe/scale_sim_output_scale_64pe_energy/action_count.yaml
conv1,64,8x8,systolic_array.PE[5].weights_spad,PE_SPAD,read,6096.75,/home/cs25m115/Neural_Acc/exp1/stage7c_per_layer_energy/runs/conv1_64pe/scale_sim_output_scale_64pe_energy/action_count.yaml
conv1,64,8x8,systolic_array.PE[6].weights_spad,PE_SPAD,write,28.5,/home/cs25m115/Neural_Acc/exp1/stage7c_per_layer_energy/runs/conv1_64pe/scale_sim_output_scale_64pe_energy/action_count.yaml
conv1,64,8x8,systolic_array.PE[6].weights_spad,PE_SPAD,read,6096.75,/home/cs25m115/Neural_Acc/exp1/stage7c_per_layer_energy/runs/conv1_64pe/scale_sim_output_scale_64pe_energy/action_count.yaml
conv1,64,8x8,systolic_array.PE[7].weights_spad,PE_SPAD,write,28.5,/home/cs25m115/Neural_Acc/exp1/stage7c_per_layer_energy/runs/conv1_64pe/scale_sim_output_scale_64pe_energy/action_count.yaml
conv1,64,8x8,systolic_array.PE[7].weights_spad,PE_SPAD,read,6096.75,/home/cs25m115/Neural_Acc/exp1/stage7c_per_layer_energy/runs/conv1_64pe/scale_sim_output_scale_64pe_energy/action_count.yaml
conv1,64,8x8,systolic_array.PE[8].weights_spad,PE_SPAD,write,28.5,/home/cs25m115/Neural_Acc/exp1/stage7c_per_layer_energy/runs/conv1_64pe/scale_sim_output_scale_64pe_energy/action_count.yaml
conv1,64,8x8,systolic_array.PE[8].weights_spad,PE_SPAD,read,6096.75,/home/cs25m115/Neural_Acc/exp1/stage7c_per_layer_energy/runs/conv1_64pe/scale_sim_output_scale_64pe_energy/action_count.yaml
conv1,64,8x8,systolic_array.PE[9].weights_spad,PE_SPAD,write,28.5,/home/cs25m115/Neural_Acc/exp1/stage7c_per_layer_energy/runs/conv1_64pe/scale_sim_output_scale_64pe_energy/action_count.yaml
conv1,64,8x8,systolic_array.PE[9].weights_spad,PE_SPAD,read,6096.75,/home/cs25m115/Neural_Acc/exp1/stage7c_per_layer_energy/runs/conv1_64pe/scale_sim_output_scale_64pe_energy/action_count.yaml
conv1,64,8x8,systolic_array.PE[10].weights_spad,PE_SPAD,write,28.5,/home/cs25m115/Neural_Acc/exp1/stage7c_per_layer_energy/runs/conv1_64pe/scale_sim_output_scale_64pe_energy/action_count.yaml
conv1,64,8x8,systolic_array.PE[10].weights_spad,PE_SPAD,read,6096.75,/home/cs25m115/Neural_Acc/exp1/stage7c_per_layer_energy/runs/conv1_64pe/scale_sim_output_scale_64pe_energy/action_count.yaml
conv1,64,8x8,systolic_array.PE[11].weights_spad,PE_SPAD,write,28.5,/home/cs25m115/Neural_Acc/exp1/stage7c_per_layer_energy/runs/conv1_64pe/scale_sim_output_scale_64pe_energy/action_count.yaml
conv1,64,8x8,systolic_array.PE[11].weights_spad,PE_SPAD,read,6096.75,/home/cs25m115/Neural_Acc/exp1/stage7c_per_layer_energy/runs/conv1_64pe/scale_sim_output_scale_64pe_energy/action_count.yaml
conv1,64,8x8,systolic_array.PE[12].weights_spad,PE_SPAD,write,28.5,/home/cs25m115/Neural_Acc/exp1/stage7c_per_layer_energy/runs/conv1_64pe/scale_sim_output_scale_64pe_energy/action_count.yaml
conv1,64,8x8,systolic_array.PE[12].weights_spad,PE_SPAD,read,6096.75,/home/cs25m115/Neural_Acc/exp1/stage7c_per_layer_energy/runs/conv1_64pe/scale_sim_output_scale_64pe_energy/action_count.yaml
conv1,64,8x8,systolic_array.PE[13].weights_spad,PE_SPAD,write,28.5,/home/cs25m115/Neural_Acc/exp1/stage7c_per_layer_energy/runs/conv1_64pe/scale_sim_output_scale_64pe_energy/action_count.yaml
conv1,64,8x8,systolic_array.PE[13].weights_spad,PE_SPAD,read,6096.75,/home/cs25m115/Neural_Acc/exp1/stage7c_per_layer_energy/runs/conv1_64pe/scale_sim_output_scale_64pe_energy/action_count.yaml
conv1,64,8x8,systolic_array.PE[14].weights_spad,PE_SPAD,write,28.5,/home/cs25m115/Neural_Acc/exp1/stage7c_per_layer_energy/runs/conv1_64pe/scale_sim_output_scale_64pe_energy/action_count.yaml
conv1,64,8x8,systolic_array.PE[14].weights_spad,PE_SPAD,read,6096.75,/home/cs25m115/Neural_Acc/exp1/stage7c_per_layer_energy/runs/conv1_64pe/scale_sim_output_scale_64pe_energy/action_count.yaml
conv1,64,8x8,systolic_array.PE[15].weights_spad,PE_SPAD,write,28.5,/home/cs25m115/Neural_Acc/exp1/stage7c_per_layer_energy/runs/conv1_64pe/scale_sim_output_scale_64pe_energy/action_count.yaml
conv1,64,8x8,systolic_array.PE[15].weights_spad,PE_SPAD,read,6096.75,/home/cs25m115/Neural_Acc/exp1/stage7c_per_layer_energy/runs/conv1_64pe/scale_sim_output_scale_64pe_energy/action_count.yaml
conv1,64,8x8,systolic_array.PE[16].weights_spad,PE_SPAD,write,28.5,/home/cs25m115/Neural_Acc/exp1/stage7c_per_layer_energy/runs/conv1_64pe/scale_sim_output_scale_64pe_energy/action_count.yaml
conv1,64,8x8,systolic_array.PE[16].weights_spad,PE_SPAD,read,6096.75,/home/cs25m115/Neural_Acc/exp1/stage7c_per_layer_energy/runs/conv1_64pe/scale_sim_output_scale_64pe_energy/action_count.yaml
conv1,64,8x8,systolic_array.PE[17].weights_spad,PE_SPAD,write,28.5,/home/cs25m115/Neural_Acc/exp1/stage7c_per_layer_energy/runs/conv1_64pe/scale_sim_output_scale_64pe_energy/action_count.yaml
conv1,64,8x8,systolic_array.PE[17].weights_spad,PE_SPAD,read,6096.75,/home/cs25m115/Neural_Acc/exp1/stage7c_per_layer_energy/runs/conv1_64pe/scale_sim_output_scale_64pe_energy/action_count.yaml
conv1,64,8x8,systolic_array.PE[18].weights_spad,PE_SPAD,write,28.5,/home/cs25m115/Neural_Acc/exp1/stage7c_per_layer_energy/runs/conv1_64pe/scale_sim_output_scale_64pe_energy/action_count.yaml
conv1,64,8x8,systolic_array.PE[18].weights_spad,PE_SPAD,read,6096.75,/home/cs25m115/Neural_Acc/exp1/stage7c_per_layer_energy/runs/conv1_64pe/scale_sim_output_scale_64pe_energy/action_count.yaml
conv1,64,8x8,systolic_array.PE[19].weights_spad,PE_SPAD,write,28.5,/home/cs25m115/Neural_Acc/exp1/stage7c_per_layer_energy/runs/conv1_64pe/scale_sim_output_scale_64pe_energy/action_count.yaml
conv1,64,8x8,systolic_array.PE[19].weights_spad,PE_SPAD,read,6096.75,/home/cs25m115/Neural_Acc/exp1/stage7c_per_layer_energy/runs/conv1_64pe/scale_sim_output_scale_64pe_energy/action_count.yaml
conv1,64,8x8,systolic_array.PE[20].weights_spad,PE_SPAD,write,28.5,/home/cs25m115/Neural_Acc/exp1/stage7c_per_layer_energy/runs/conv1_64pe/scale_sim_output_scale_64pe_energy/action_count.yaml
conv1,64,8x8,systolic_array.PE[20].weights_spad,PE_SPAD,read,6096.75,/home/cs25m115/Neural_Acc/exp1/stage7c_per_layer_energy/runs/conv1_64pe/scale_sim_output_scale_64pe_energy/action_count.yaml
conv1,64,8x8,systolic_array.PE[21].weights_spad,PE_SPAD,write,28.5,/home/cs25m115/Neural_Acc/exp1/stage7c_per_layer_energy/runs/conv1_64pe/scale_sim_output_scale_64pe_energy/action_count.yaml
conv1,64,8x8,systolic_array.PE[21].weights_spad,PE_SPAD,read,6096.75,/home/cs25m115/Neural_Acc/exp1/stage7c_per_layer_energy/runs/conv1_64pe/scale_sim_output_scale_64pe_energy/action_count.yaml
conv1,64,8x8,systolic_array.PE[22].weights_spad,PE_SPAD,write,28.5,/home/cs25m115/Neural_Acc/exp1/stage7c_per_layer_energy/runs/conv1_64pe/scale_sim_output_scale_64pe_energy/action_count.yaml
conv1,64,8x8,systolic_array.PE[22].weights_spad,PE_SPAD,read,6096.75,/home/cs25m115/Neural_Acc/exp1/stage7c_per_layer_energy/runs/conv1_64pe/scale_sim_output_scale_64pe_energy/action_count.yaml
conv1,64,8x8,systolic_array.PE[23].weights_spad,PE_SPAD,write,28.5,/home/cs25m115/Neural_Acc/exp1/stage7c_per_layer_energy/runs/conv1_64pe/scale_sim_output_scale_64pe_energy/action_count.yaml
conv1,64,8x8,systolic_array.PE[23].weights_spad,PE_SPAD,read,6096.75,/home/cs25m115/Neural_Acc/exp1/stage7c_per_layer_energy/runs/conv1_64pe/scale_sim_output_scale_64pe_energy/action_count.yaml
conv1,64,8x8,systolic_array.PE[24].weights_spad,PE_SPAD,write,28.5,/home/cs25m115/Neural_Acc/exp1/stage7c_per_layer_energy/runs/conv1_64pe/scale_sim_output_scale_64pe_energy/action_count.yaml
conv1,64,8x8,systolic_array.PE[24].weights_spad,PE_SPAD,read,6096.75,/home/cs25m115/Neural_Acc/exp1/stage7c_per_layer_energy/runs/conv1_64pe/scale_sim_output_scale_64pe_energy/action_count.yaml
conv1,64,8x8,systolic_array.PE[25].weights_spad,PE_SPAD,write,28.5,/home/cs25m115/Neural_Acc/exp1/stage7c_per_layer_energy/runs/conv1_64pe/scale_sim_output_scale_64pe_energy/action_count.yaml
conv1,64,8x8,systolic_array.PE[25].weights_spad,PE_SPAD,read,6096.75,/home/cs25m115/Neural_Acc/exp1/stage7c_per_layer_energy/runs/conv1_64pe/scale_sim_output_scale_64pe_energy/action_count.yaml
conv1,64,8x8,systolic_array.PE[26].weights_spad,PE_SPAD,write,28.5,/home/cs25m115/Neural_Acc/exp1/stage7c_per_layer_energy/runs/conv1_64pe/scale_sim_output_scale_64pe_energy/action_count.yaml
conv1,64,8x8,systolic_array.PE[26].weights_spad,PE_SPAD,read,6096.75,/home/cs25m115/Neural_Acc/exp1/stage7c_per_layer_energy/runs/conv1_64pe/scale_sim_output_scale_64pe_energy/action_count.yaml
conv1,64,8x8,systolic_array.PE[27].weights_spad,PE_SPAD,write,28.5,/home/cs25m115/Neural_Acc/exp1/stage7c_per_layer_energy/runs/conv1_64pe/scale_sim_output_scale_64pe_energy/action_count.yaml
conv1,64,8x8,systolic_array.PE[27].weights_spad,PE_SPAD,read,6096.75,/home/cs25m115/Neural_Acc/exp1/stage7c_per_layer_energy/runs/conv1_64pe/scale_sim_output_scale_64pe_energy/action_count.yaml
conv1,64,8x8,systolic_array.PE[28].weights_spad,PE_SPAD,write,28.5,/home/cs25m115/Neural_Acc/exp1/stage7c_per_layer_energy/runs/conv1_64pe/scale_sim_output_scale_64pe_energy/action_count.yaml
conv1,64,8x8,systolic_array.PE[28].weights_spad,PE_SPAD,read,6096.75,/home/cs25m115/Neural_Acc/exp1/stage7c_per_layer_energy/runs/conv1_64pe/scale_sim_output_scale_64pe_energy/action_count.yaml
conv1,64,8x8,systolic_array.PE[29].weights_spad,PE_SPAD,write,28.5,/home/cs25m115/Neural_Acc/exp1/stage7c_per_layer_energy/runs/conv1_64pe/scale_sim_output_scale_64pe_energy/action_count.yaml
conv1,64,8x8,systolic_array.PE[29].weights_spad,PE_SPAD,read,6096.75,/home/cs25m115/Neural_Acc/exp1/stage7c_per_layer_energy/runs/conv1_64pe/scale_sim_output_scale_64pe_energy/action_count.yaml
conv1,64,8x8,systolic_array.PE[30].weights_spad,PE_SPAD,write,28.5,/home/cs25m115/Neural_Acc/exp1/stage7c_per_layer_energy/runs/conv1_64pe/scale_sim_output_scale_64pe_energy/action_count.yaml
conv1,64,8x8,systolic_array.PE[30].weights_spad,PE_SPAD,read,6096.75,/home/cs25m115/Neural_Acc/exp1/stage7c_per_layer_energy/runs/conv1_64pe/scale_sim_output_scale_64pe_energy/action_count.yaml
conv1,64,8x8,systolic_array.PE[31].weights_spad,PE_SPAD,write,28.5,/home/cs25m115/Neural_Acc/exp1/stage7c_per_layer_energy/runs/conv1_64pe/scale_sim_output_scale_64pe_energy/action_count.yaml
conv1,64,8x8,systolic_array.PE[31].weights_spad,PE_SPAD,read,6096.75,/home/cs25m115/Neural_Acc/exp1/stage7c_per_layer_energy/runs/conv1_64pe/scale_sim_output_scale_64pe_energy/action_count.yaml
conv1,64,8x8,systolic_array.PE[32].weights_spad,PE_SPAD,write,28.5,/home/cs25m115/Neural_Acc/exp1/stage7c_per_layer_energy/runs/conv1_64pe/scale_sim_output_scale_64pe_energy/action_count.yaml
conv1,64,8x8,systolic_array.PE[32].weights_spad,PE_SPAD,read,6096.75,/home/cs25m115/Neural_Acc/exp1/stage7c_per_layer_energy/runs/conv1_64pe/scale_sim_output_scale_64pe_energy/action_count.yaml
conv1,64,8x8,systolic_array.PE[33].weights_spad,PE_SPAD,write,28.5,/home/cs25m115/Neural_Acc/exp1/stage7c_per_layer_energy/runs/conv1_64pe/scale_sim_output_scale_64pe_energy/action_count.yaml
conv1,64,8x8,systolic_array.PE[33].weights_spad,PE_SPAD,read,6096.75,/home/cs25m115/Neural_Acc/exp1/stage7c_per_layer_energy/runs/conv1_64pe/scale_sim_output_scale_64pe_energy/action_count.yaml
conv1,64,8x8,systolic_array.PE[34].weights_spad,PE_SPAD,write,28.5,/home/cs25m115/Neural_Acc/exp1/stage7c_per_layer_energy/runs/conv1_64pe/scale_sim_output_scale_64pe_energy/action_count.yaml
conv1,64,8x8,systolic_array.PE[34].weights_spad,PE_SPAD,read,6096.75,/home/cs25m115/Neural_Acc/exp1/stage7c_per_layer_energy/runs/conv1_64pe/scale_sim_output_scale_64pe_energy/action_count.yaml
conv1,64,8x8,systolic_array.PE[35].weights_spad,PE_SPAD,write,28.5,/home/cs25m115/Neural_Acc/exp1/stage7c_per_layer_energy/runs/conv1_64pe/scale_sim_output_scale_64pe_energy/action_count.yaml
conv1,64,8x8,systolic_array.PE[35].weights_spad,PE_SPAD,read,6096.75,/home/cs25m115/Neural_Acc/exp1/stage7c_per_layer_energy/runs/conv1_64pe/scale_sim_output_scale_64pe_energy/action_count.yaml
conv1,64,8x8,systolic_array.PE[36].weights_spad,PE_SPAD,write,28.5,/home/cs25m115/Neural_Acc/exp1/stage7c_per_layer_energy/runs/conv1_64pe/scale_sim_output_scale_64pe_energy/action_count.yaml
conv1,64,8x8,systolic_array.PE[36].weights_spad,PE_SPAD,read,6096.75,/home/cs25m115/Neural_Acc/exp1/stage7c_per_layer_energy/runs/conv1_64pe/scale_sim_output_scale_64pe_energy/action_count.yaml
conv1,64,8x8,systolic_array.PE[37].weights_spad,PE_SPAD,write,28.5,/home/cs25m115/Neural_Acc/exp1/stage7c_per_layer_energy/runs/conv1_64pe/scale_sim_output_scale_64pe_energy/action_count.yaml
conv1,64,8x8,systolic_array.PE[37].weights_spad,PE_SPAD,read,6096.75,/home/cs25m115/Neural_Acc/exp1/stage7c_per_layer_energy/runs/conv1_64pe/scale_sim_output_scale_64pe_energy/action_count.yaml
conv1,64,8x8,systolic_array.PE[38].weights_spad,PE_SPAD,write,28.5,/home/cs25m115/Neural_Acc/exp1/stage7c_per_layer_energy/runs/conv1_64pe/scale_sim_output_scale_64pe_energy/action_count.yaml
conv1,64,8x8,systolic_array.PE[38].weights_spad,PE_SPAD,read,6096.75,/home/cs25m115/Neural_Acc/exp1/stage7c_per_layer_energy/runs/conv1_64pe/scale_sim_output_scale_64pe_energy/action_count.yaml
conv1,64,8x8,systolic_array.PE[39].weights_spad,PE_SPAD,write,28.5,/home/cs25m115/Neural_Acc/exp1/stage7c_per_layer_energy/runs/conv1_64pe/scale_sim_output_scale_64pe_energy/action_count.yaml
conv1,64,8x8,systolic_array.PE[39].weights_spad,PE_SPAD,read,6096.75,/home/cs25m115/Neural_Acc/exp1/stage7c_per_layer_energy/runs/conv1_64pe/scale_sim_output_scale_64pe_energy/action_count.yaml
conv1,64,8x8,systolic_array.PE[40].weights_spad,PE_SPAD,write,28.5,/home/cs25m115/Neural_Acc/exp1/stage7c_per_layer_energy/runs/conv1_64pe/scale_sim_output_scale_64pe_energy/action_count.yaml
conv1,64,8x8,systolic_array.PE[40].weights_spad,PE_SPAD,read,6096.75,/home/cs25m115/Neural_Acc/exp1/stage7c_per_layer_energy/runs/conv1_64pe/scale_sim_output_scale_64pe_energy/action_count.yaml
conv1,64,8x8,systolic_array.PE[41].weights_spad,PE_SPAD,write,28.5,/home/cs25m115/Neural_Acc/exp1/stage7c_per_layer_energy/runs/conv1_64pe/scale_sim_output_scale_64pe_energy/action_count.yaml
conv1,64,8x8,systolic_array.PE[41].weights_spad,PE_SPAD,read,6096.75,/home/cs25m115/Neural_Acc/exp1/stage7c_per_layer_energy/runs/conv1_64pe/scale_sim_output_scale_64pe_energy/action_count.yaml
conv1,64,8x8,systolic_array.PE[42].weights_spad,PE_SPAD,write,28.5,/home/cs25m115/Neural_Acc/exp1/stage7c_per_layer_energy/runs/conv1_64pe/scale_sim_output_scale_64pe_energy/action_count.yaml
conv1,64,8x8,systolic_array.PE[42].weights_spad,PE_SPAD,read,6096.75,/home/cs25m115/Neural_Acc/exp1/stage7c_per_layer_energy/runs/conv1_64pe/scale_sim_output_scale_64pe_energy/action_count.yaml
conv1,64,8x8,systolic_array.PE[43].weights_spad,PE_SPAD,write,28.5,/home/cs25m115/Neural_Acc/exp1/stage7c_per_layer_energy/runs/conv1_64pe/scale_sim_output_scale_64pe_energy/action_count.yaml
conv1,64,8x8,systolic_array.PE[43].weights_spad,PE_SPAD,read,6096.75,/home/cs25m115/Neural_Acc/exp1/stage7c_per_layer_energy/runs/conv1_64pe/scale_sim_output_scale_64pe_energy/action_count.yaml
conv1,64,8x8,systolic_array.PE[44].weights_spad,PE_SPAD,write,28.5,/home/cs25m115/Neural_Acc/exp1/stage7c_per_layer_energy/runs/conv1_64pe/scale_sim_output_scale_64pe_energy/action_count.yaml
conv1,64,8x8,systolic_array.PE[44].weights_spad,PE_SPAD,read,6096.75,/home/cs25m115/Neural_Acc/exp1/stage7c_per_layer_energy/runs/conv1_64pe/scale_sim_output_scale_64pe_energy/action_count.yaml
conv1,64,8x8,systolic_array.PE[45].weights_spad,PE_SPAD,write,28.5,/home/cs25m115/Neural_Acc/exp1/stage7c_per_layer_energy/runs/conv1_64pe/scale_sim_output_scale_64pe_energy/action_count.yaml
conv1,64,8x8,systolic_array.PE[45].weights_spad,PE_SPAD,read,6096.75,/home/cs25m115/Neural_Acc/exp1/stage7c_per_layer_energy/runs/conv1_64pe/scale_sim_output_scale_64pe_energy/action_count.yaml
conv1,64,8x8,systolic_array.PE[46].weights_spad,PE_SPAD,write,28.5,/home/cs25m115/Neural_Acc/exp1/stage7c_per_layer_energy/runs/conv1_64pe/scale_sim_output_scale_64pe_energy/action_count.yaml
conv1,64,8x8,systolic_array.PE[46].weights_spad,PE_SPAD,read,6096.75,/home/cs25m115/Neural_Acc/exp1/stage7c_per_layer_energy/runs/conv1_64pe/scale_sim_output_scale_64pe_energy/action_count.yaml
conv1,64,8x8,systolic_array.PE[47].weights_spad,PE_SPAD,write,28.5,/home/cs25m115/Neural_Acc/exp1/stage7c_per_layer_energy/runs/conv1_64pe/scale_sim_output_scale_64pe_energy/action_count.yaml
conv1,64,8x8,systolic_array.PE[47].weights_spad,PE_SPAD,read,6096.75,/home/cs25m115/Neural_Acc/exp1/stage7c_per_layer_energy/runs/conv1_64pe/scale_sim_output_scale_64pe_energy/action_count.yaml
conv1,64,8x8,systolic_array.PE[48].weights_spad,PE_SPAD,write,28.5,/home/cs25m115/Neural_Acc/exp1/stage7c_per_layer_energy/runs/conv1_64pe/scale_sim_output_scale_64pe_energy/action_count.yaml
conv1,64,8x8,systolic_array.PE[48].weights_spad,PE_SPAD,read,6096.75,/home/cs25m115/Neural_Acc/exp1/stage7c_per_layer_energy/runs/conv1_64pe/scale_sim_output_scale_64pe_energy/action_count.yaml
conv1,64,8x8,systolic_array.PE[49].weights_spad,PE_SPAD,write,28.5,/home/cs25m115/Neural_Acc/exp1/stage7c_per_layer_energy/runs/conv1_64pe/scale_sim_output_scale_64pe_energy/action_count.yaml
conv1,64,8x8,systolic_array.PE[49].weights_spad,PE_SPAD,read,6096.75,/home/cs25m115/Neural_Acc/exp1/stage7c_per_layer_energy/runs/conv1_64pe/scale_sim_output_scale_64pe_energy/action_count.yaml
conv1,64,8x8,systolic_array.PE[50].weights_spad,PE_SPAD,write,28.5,/home/cs25m115/Neural_Acc/exp1/stage7c_per_layer_energy/runs/conv1_64pe/scale_sim_output_scale_64pe_energy/action_count.yaml
conv1,64,8x8,systolic_array.PE[50].weights_spad,PE_SPAD,read,6096.75,/home/cs25m115/Neural_Acc/exp1/stage7c_per_layer_energy/runs/conv1_64pe/scale_sim_output_scale_64pe_energy/action_count.yaml
conv1,64,8x8,systolic_array.PE[51].weights_spad,PE_SPAD,write,28.5,/home/cs25m115/Neural_Acc/exp1/stage7c_per_layer_energy/runs/conv1_64pe/scale_sim_output_scale_64pe_energy/action_count.yaml
conv1,64,8x8,systolic_array.PE[51].weights_spad,PE_SPAD,read,6096.75,/home/cs25m115/Neural_Acc/exp1/stage7c_per_layer_energy/runs/conv1_64pe/scale_sim_output_scale_64pe_energy/action_count.yaml
conv1,64,8x8,systolic_array.PE[52].weights_spad,PE_SPAD,write,28.5,/home/cs25m115/Neural_Acc/exp1/stage7c_per_layer_energy/runs/conv1_64pe/scale_sim_output_scale_64pe_energy/action_count.yaml
conv1,64,8x8,systolic_array.PE[52].weights_spad,PE_SPAD,read,6096.75,/home/cs25m115/Neural_Acc/exp1/stage7c_per_layer_energy/runs/conv1_64pe/scale_sim_output_scale_64pe_energy/action_count.yaml
conv1,64,8x8,systolic_array.PE[53].weights_spad,PE_SPAD,write,28.5,/home/cs25m115/Neural_Acc/exp1/stage7c_per_layer_energy/runs/conv1_64pe/scale_sim_output_scale_64pe_energy/action_count.yaml
conv1,64,8x8,systolic_array.PE[53].weights_spad,PE_SPAD,read,6096.75,/home/cs25m115/Neural_Acc/exp1/stage7c_per_layer_energy/runs/conv1_64pe/scale_sim_output_scale_64pe_energy/action_count.yaml
conv1,64,8x8,systolic_array.PE[54].weights_spad,PE_SPAD,write,28.5,/home/cs25m115/Neural_Acc/exp1/stage7c_per_layer_energy/runs/conv1_64pe/scale_sim_output_scale_64pe_energy/action_count.yaml
conv1,64,8x8,systolic_array.PE[54].weights_spad,PE_SPAD,read,6096.75,/home/cs25m115/Neural_Acc/exp1/stage7c_per_layer_energy/runs/conv1_64pe/scale_sim_output_scale_64pe_energy/action_count.yaml
conv1,64,8x8,systolic_array.PE[55].weights_spad,PE_SPAD,write,28.5,/home/cs25m115/Neural_Acc/exp1/stage7c_per_layer_energy/runs/conv1_64pe/scale_sim_output_scale_64pe_energy/action_count.yaml
conv1,64,8x8,systolic_array.PE[55].weights_spad,PE_SPAD,read,6096.75,/home/cs25m115/Neural_Acc/exp1/stage7c_per_layer_energy/runs/conv1_64pe/scale_sim_output_scale_64pe_energy/action_count.yaml
conv1,64,8x8,systolic_array.PE[56].weights_spad,PE_SPAD,write,28.5,/home/cs25m115/Neural_Acc/exp1/stage7c_per_layer_energy/runs/conv1_64pe/scale_sim_output_scale_64pe_energy/action_count.yaml
conv1,64,8x8,systolic_array.PE[56].weights_spad,PE_SPAD,read,6096.75,/home/cs25m115/Neural_Acc/exp1/stage7c_per_layer_energy/runs/conv1_64pe/scale_sim_output_scale_64pe_energy/action_count.yaml
conv1,64,8x8,systolic_array.PE[57].weights_spad,PE_SPAD,write,28.5,/home/cs25m115/Neural_Acc/exp1/stage7c_per_layer_energy/runs/conv1_64pe/scale_sim_output_scale_64pe_energy/action_count.yaml
conv1,64,8x8,systolic_array.PE[57].weights_spad,PE_SPAD,read,6096.75,/home/cs25m115/Neural_Acc/exp1/stage7c_per_layer_energy/runs/conv1_64pe/scale_sim_output_scale_64pe_energy/action_count.yaml
conv1,64,8x8,systolic_array.PE[58].weights_spad,PE_SPAD,write,28.5,/home/cs25m115/Neural_Acc/exp1/stage7c_per_layer_energy/runs/conv1_64pe/scale_sim_output_scale_64pe_energy/action_count.yaml
conv1,64,8x8,systolic_array.PE[58].weights_spad,PE_SPAD,read,6096.75,/home/cs25m115/Neural_Acc/exp1/stage7c_per_layer_energy/runs/conv1_64pe/scale_sim_output_scale_64pe_energy/action_count.yaml
conv1,64,8x8,systolic_array.PE[59].weights_spad,PE_SPAD,write,28.5,/home/cs25m115/Neural_Acc/exp1/stage7c_per_layer_energy/runs/conv1_64pe/scale_sim_output_scale_64pe_energy/action_count.yaml
conv1,64,8x8,systolic_array.PE[59].weights_spad,PE_SPAD,read,6096.75,/home/cs25m115/Neural_Acc/exp1/stage7c_per_layer_energy/runs/conv1_64pe/scale_sim_output_scale_64pe_energy/action_count.yaml
conv1,64,8x8,systolic_array.PE[60].weights_spad,PE_SPAD,write,28.5,/home/cs25m115/Neural_Acc/exp1/stage7c_per_layer_energy/runs/conv1_64pe/scale_sim_output_scale_64pe_energy/action_count.yaml
conv1,64,8x8,systolic_array.PE[60].weights_spad,PE_SPAD,read,6096.75,/home/cs25m115/Neural_Acc/exp1/stage7c_per_layer_energy/runs/conv1_64pe/scale_sim_output_scale_64pe_energy/action_count.yaml
conv1,64,8x8,systolic_array.PE[61].weights_spad,PE_SPAD,write,28.5,/home/cs25m115/Neural_Acc/exp1/stage7c_per_layer_energy/runs/conv1_64pe/scale_sim_output_scale_64pe_energy/action_count.yaml
conv1,64,8x8,systolic_array.PE[61].weights_spad,PE_SPAD,read,6096.75,/home/cs25m115/Neural_Acc/exp1/stage7c_per_layer_energy/runs/conv1_64pe/scale_sim_output_scale_64pe_energy/action_count.yaml
conv1,64,8x8,systolic_array.PE[62].weights_spad,PE_SPAD,write,28.5,/home/cs25m115/Neural_Acc/exp1/stage7c_per_layer_energy/runs/conv1_64pe/scale_sim_output_scale_64pe_energy/action_count.yaml
conv1,64,8x8,systolic_array.PE[62].weights_spad,PE_SPAD,read,6096.75,/home/cs25m115/Neural_Acc/exp1/stage7c_per_layer_energy/runs/conv1_64pe/scale_sim_output_scale_64pe_energy/action_count.yaml
conv1,64,8x8,systolic_array.PE[63].weights_spad,PE_SPAD,write,28.5,/home/cs25m115/Neural_Acc/exp1/stage7c_per_layer_energy/runs/conv1_64pe/scale_sim_output_scale_64pe_energy/action_count.yaml
conv1,64,8x8,systolic_array.PE[63].weights_spad,PE_SPAD,read,6096.75,/home/cs25m115/Neural_Acc/exp1/stage7c_per_layer_energy/runs/conv1_64pe/scale_sim_output_scale_64pe_energy/action_count.yaml
conv1,64,8x8,systolic_array.PE[0].ifmap_spad,PE_SPAD,write,6075.0,/home/cs25m115/Neural_Acc/exp1/stage7c_per_layer_energy/runs/conv1_64pe/scale_sim_output_scale_64pe_energy/action_count.yaml
conv1,64,8x8,systolic_array.PE[0].ifmap_spad,PE_SPAD,read,11390.625,/home/cs25m115/Neural_Acc/exp1/stage7c_per_layer_energy/runs/conv1_64pe/scale_sim_output_scale_64pe_energy/action_count.yaml
conv1,64,8x8,systolic_array.PE[1].ifmap_spad,PE_SPAD,write,6075.0,/home/cs25m115/Neural_Acc/exp1/stage7c_per_layer_energy/runs/conv1_64pe/scale_sim_output_scale_64pe_energy/action_count.yaml
conv1,64,8x8,systolic_array.PE[1].ifmap_spad,PE_SPAD,read,11390.625,/home/cs25m115/Neural_Acc/exp1/stage7c_per_layer_energy/runs/conv1_64pe/scale_sim_output_scale_64pe_energy/action_count.yaml
conv1,64,8x8,systolic_array.PE[2].ifmap_spad,PE_SPAD,write,6075.0,/home/cs25m115/Neural_Acc/exp1/stage7c_per_layer_energy/runs/conv1_64pe/scale_sim_output_scale_64pe_energy/action_count.yaml
conv1,64,8x8,systolic_array.PE[2].ifmap_spad,PE_SPAD,read,11390.625,/home/cs25m115/Neural_Acc/exp1/stage7c_per_layer_energy/runs/conv1_64pe/scale_sim_output_scale_64pe_energy/action_count.yaml
conv1,64,8x8,systolic_array.PE[3].ifmap_spad,PE_SPAD,write,6075.0,/home/cs25m115/Neural_Acc/exp1/stage7c_per_layer_energy/runs/conv1_64pe/scale_sim_output_scale_64pe_energy/action_count.yaml
conv1,64,8x8,systolic_array.PE[3].ifmap_spad,PE_SPAD,read,11390.625,/home/cs25m115/Neural_Acc/exp1/stage7c_per_layer_energy/runs/conv1_64pe/scale_sim_output_scale_64pe_energy/action_count.yaml
conv1,64,8x8,systolic_array.PE[4].ifmap_spad,PE_SPAD,write,6075.0,/home/cs25m115/Neural_Acc/exp1/stage7c_per_layer_energy/runs/conv1_64pe/scale_sim_output_scale_64pe_energy/action_count.yaml
conv1,64,8x8,systolic_array.PE[4].ifmap_spad,PE_SPAD,read,11390.625,/home/cs25m115/Neural_Acc/exp1/stage7c_per_layer_energy/runs/conv1_64pe/scale_sim_output_scale_64pe_energy/action_count.yaml
conv1,64,8x8,systolic_array.PE[5].ifmap_spad,PE_SPAD,write,6075.0,/home/cs25m115/Neural_Acc/exp1/stage7c_per_layer_energy/runs/conv1_64pe/scale_sim_output_scale_64pe_energy/action_count.yaml
conv1,64,8x8,systolic_array.PE[5].ifmap_spad,PE_SPAD,read,11390.625,/home/cs25m115/Neural_Acc/exp1/stage7c_per_layer_energy/runs/conv1_64pe/scale_sim_output_scale_64pe_energy/action_count.yaml
conv1,64,8x8,systolic_array.PE[6].ifmap_spad,PE_SPAD,write,6075.0,/home/cs25m115/Neural_Acc/exp1/stage7c_per_layer_energy/runs/conv1_64pe/scale_sim_output_scale_64pe_energy/action_count.yaml
conv1,64,8x8,systolic_array.PE[6].ifmap_spad,PE_SPAD,read,11390.625,/home/cs25m115/Neural_Acc/exp1/stage7c_per_layer_energy/runs/conv1_64pe/scale_sim_output_scale_64pe_energy/action_count.yaml
conv1,64,8x8,systolic_array.PE[7].ifmap_spad,PE_SPAD,write,6075.0,/home/cs25m115/Neural_Acc/exp1/stage7c_per_layer_energy/runs/conv1_64pe/scale_sim_output_scale_64pe_energy/action_count.yaml
conv1,64,8x8,systolic_array.PE[7].ifmap_spad,PE_SPAD,read,11390.625,/home/cs25m115/Neural_Acc/exp1/stage7c_per_layer_energy/runs/conv1_64pe/scale_sim_output_scale_64pe_energy/action_count.yaml
conv1,64,8x8,systolic_array.PE[8].ifmap_spad,PE_SPAD,write,6075.0,/home/cs25m115/Neural_Acc/exp1/stage7c_per_layer_energy/runs/conv1_64pe/scale_sim_output_scale_64pe_energy/action_count.yaml
conv1,64,8x8,systolic_array.PE[8].ifmap_spad,PE_SPAD,read,11390.625,/home/cs25m115/Neural_Acc/exp1/stage7c_per_layer_energy/runs/conv1_64pe/scale_sim_output_scale_64pe_energy/action_count.yaml
conv1,64,8x8,systolic_array.PE[9].ifmap_spad,PE_SPAD,write,6075.0,/home/cs25m115/Neural_Acc/exp1/stage7c_per_layer_energy/runs/conv1_64pe/scale_sim_output_scale_64pe_energy/action_count.yaml
conv1,64,8x8,systolic_array.PE[9].ifmap_spad,PE_SPAD,read,11390.625,/home/cs25m115/Neural_Acc/exp1/stage7c_per_layer_energy/runs/conv1_64pe/scale_sim_output_scale_64pe_energy/action_count.yaml
conv1,64,8x8,systolic_array.PE[10].ifmap_spad,PE_SPAD,write,6075.0,/home/cs25m115/Neural_Acc/exp1/stage7c_per_layer_energy/runs/conv1_64pe/scale_sim_output_scale_64pe_energy/action_count.yaml
conv1,64,8x8,systolic_array.PE[10].ifmap_spad,PE_SPAD,read,11390.625,/home/cs25m115/Neural_Acc/exp1/stage7c_per_layer_energy/runs/conv1_64pe/scale_sim_output_scale_64pe_energy/action_count.yaml
conv1,64,8x8,systolic_array.PE[11].ifmap_spad,PE_SPAD,write,6075.0,/home/cs25m115/Neural_Acc/exp1/stage7c_per_layer_energy/runs/conv1_64pe/scale_sim_output_scale_64pe_energy/action_count.yaml
conv1,64,8x8,systolic_array.PE[11].ifmap_spad,PE_SPAD,read,11390.625,/home/cs25m115/Neural_Acc/exp1/stage7c_per_layer_energy/runs/conv1_64pe/scale_sim_output_scale_64pe_energy/action_count.yaml
conv1,64,8x8,systolic_array.PE[12].ifmap_spad,PE_SPAD,write,6075.0,/home/cs25m115/Neural_Acc/exp1/stage7c_per_layer_energy/runs/conv1_64pe/scale_sim_output_scale_64pe_energy/action_count.yaml
conv1,64,8x8,systolic_array.PE[12].ifmap_spad,PE_SPAD,read,11390.625,/home/cs25m115/Neural_Acc/exp1/stage7c_per_layer_energy/runs/conv1_64pe/scale_sim_output_scale_64pe_energy/action_count.yaml
conv1,64,8x8,systolic_array.PE[13].ifmap_spad,PE_SPAD,write,6075.0,/home/cs25m115/Neural_Acc/exp1/stage7c_per_layer_energy/runs/conv1_64pe/scale_sim_output_scale_64pe_energy/action_count.yaml
conv1,64,8x8,systolic_array.PE[13].ifmap_spad,PE_SPAD,read,11390.625,/home/cs25m115/Neural_Acc/exp1/stage7c_per_layer_energy/runs/conv1_64pe/scale_sim_output_scale_64pe_energy/action_count.yaml
conv1,64,8x8,systolic_array.PE[14].ifmap_spad,PE_SPAD,write,6075.0,/home/cs25m115/Neural_Acc/exp1/stage7c_per_layer_energy/runs/conv1_64pe/scale_sim_output_scale_64pe_energy/action_count.yaml
conv1,64,8x8,systolic_array.PE[14].ifmap_spad,PE_SPAD,read,11390.625,/home/cs25m115/Neural_Acc/exp1/stage7c_per_layer_energy/runs/conv1_64pe/scale_sim_output_scale_64pe_energy/action_count.yaml
conv1,64,8x8,systolic_array.PE[15].ifmap_spad,PE_SPAD,write,6075.0,/home/cs25m115/Neural_Acc/exp1/stage7c_per_layer_energy/runs/conv1_64pe/scale_sim_output_scale_64pe_energy/action_count.yaml
conv1,64,8x8,systolic_array.PE[15].ifmap_spad,PE_SPAD,read,11390.625,/home/cs25m115/Neural_Acc/exp1/stage7c_per_layer_energy/runs/conv1_64pe/scale_sim_output_scale_64pe_energy/action_count.yaml
conv1,64,8x8,systolic_array.PE[16].ifmap_spad,PE_SPAD,write,6075.0,/home/cs25m115/Neural_Acc/exp1/stage7c_per_layer_energy/runs/conv1_64pe/scale_sim_output_scale_64pe_energy/action_count.yaml
conv1,64,8x8,systolic_array.PE[16].ifmap_spad,PE_SPAD,read,11390.625,/home/cs25m115/Neural_Acc/exp1/stage7c_per_layer_energy/runs/conv1_64pe/scale_sim_output_scale_64pe_energy/action_count.yaml
conv1,64,8x8,systolic_array.PE[17].ifmap_spad,PE_SPAD,write,6075.0,/home/cs25m115/Neural_Acc/exp1/stage7c_per_layer_energy/runs/conv1_64pe/scale_sim_output_scale_64pe_energy/action_count.yaml
conv1,64,8x8,systolic_array.PE[17].ifmap_spad,PE_SPAD,read,11390.625,/home/cs25m115/Neural_Acc/exp1/stage7c_per_layer_energy/runs/conv1_64pe/scale_sim_output_scale_64pe_energy/action_count.yaml
conv1,64,8x8,systolic_array.PE[18].ifmap_spad,PE_SPAD,write,6075.0,/home/cs25m115/Neural_Acc/exp1/stage7c_per_layer_energy/runs/conv1_64pe/scale_sim_output_scale_64pe_energy/action_count.yaml
conv1,64,8x8,systolic_array.PE[18].ifmap_spad,PE_SPAD,read,11390.625,/home/cs25m115/Neural_Acc/exp1/stage7c_per_layer_energy/runs/conv1_64pe/scale_sim_output_scale_64pe_energy/action_count.yaml
conv1,64,8x8,systolic_array.PE[19].ifmap_spad,PE_SPAD,write,6075.0,/home/cs25m115/Neural_Acc/exp1/stage7c_per_layer_energy/runs/conv1_64pe/scale_sim_output_scale_64pe_energy/action_count.yaml
conv1,64,8x8,systolic_array.PE[19].ifmap_spad,PE_SPAD,read,11390.625,/home/cs25m115/Neural_Acc/exp1/stage7c_per_layer_energy/runs/conv1_64pe/scale_sim_output_scale_64pe_energy/action_count.yaml
conv1,64,8x8,systolic_array.PE[20].ifmap_spad,PE_SPAD,write,6075.0,/home/cs25m115/Neural_Acc/exp1/stage7c_per_layer_energy/runs/conv1_64pe/scale_sim_output_scale_64pe_energy/action_count.yaml
conv1,64,8x8,systolic_array.PE[20].ifmap_spad,PE_SPAD,read,11390.625,/home/cs25m115/Neural_Acc/exp1/stage7c_per_layer_energy/runs/conv1_64pe/scale_sim_output_scale_64pe_energy/action_count.yaml
conv1,64,8x8,systolic_array.PE[21].ifmap_spad,PE_SPAD,write,6075.0,/home/cs25m115/Neural_Acc/exp1/stage7c_per_layer_energy/runs/conv1_64pe/scale_sim_output_scale_64pe_energy/action_count.yaml
conv1,64,8x8,systolic_array.PE[21].ifmap_spad,PE_SPAD,read,11390.625,/home/cs25m115/Neural_Acc/exp1/stage7c_per_layer_energy/runs/conv1_64pe/scale_sim_output_scale_64pe_energy/action_count.yaml
conv1,64,8x8,systolic_array.PE[22].ifmap_spad,PE_SPAD,write,6075.0,/home/cs25m115/Neural_Acc/exp1/stage7c_per_layer_energy/runs/conv1_64pe/scale_sim_output_scale_64pe_energy/action_count.yaml
conv1,64,8x8,systolic_array.PE[22].ifmap_spad,PE_SPAD,read,11390.625,/home/cs25m115/Neural_Acc/exp1/stage7c_per_layer_energy/runs/conv1_64pe/scale_sim_output_scale_64pe_energy/action_count.yaml
conv1,64,8x8,systolic_array.PE[23].ifmap_spad,PE_SPAD,write,6075.0,/home/cs25m115/Neural_Acc/exp1/stage7c_per_layer_energy/runs/conv1_64pe/scale_sim_output_scale_64pe_energy/action_count.yaml
conv1,64,8x8,systolic_array.PE[23].ifmap_spad,PE_SPAD,read,11390.625,/home/cs25m115/Neural_Acc/exp1/stage7c_per_layer_energy/runs/conv1_64pe/scale_sim_output_scale_64pe_energy/action_count.yaml
conv1,64,8x8,systolic_array.PE[24].ifmap_spad,PE_SPAD,write,6075.0,/home/cs25m115/Neural_Acc/exp1/stage7c_per_layer_energy/runs/conv1_64pe/scale_sim_output_scale_64pe_energy/action_count.yaml
conv1,64,8x8,systolic_array.PE[24].ifmap_spad,PE_SPAD,read,11390.625,/home/cs25m115/Neural_Acc/exp1/stage7c_per_layer_energy/runs/conv1_64pe/scale_sim_output_scale_64pe_energy/action_count.yaml
conv1,64,8x8,systolic_array.PE[25].ifmap_spad,PE_SPAD,write,6075.0,/home/cs25m115/Neural_Acc/exp1/stage7c_per_layer_energy/runs/conv1_64pe/scale_sim_output_scale_64pe_energy/action_count.yaml
conv1,64,8x8,systolic_array.PE[25].ifmap_spad,PE_SPAD,read,11390.625,/home/cs25m115/Neural_Acc/exp1/stage7c_per_layer_energy/runs/conv1_64pe/scale_sim_output_scale_64pe_energy/action_count.yaml
conv1,64,8x8,systolic_array.PE[26].ifmap_spad,PE_SPAD,write,6075.0,/home/cs25m115/Neural_Acc/exp1/stage7c_per_layer_energy/runs/conv1_64pe/scale_sim_output_scale_64pe_energy/action_count.yaml
conv1,64,8x8,systolic_array.PE[26].ifmap_spad,PE_SPAD,read,11390.625,/home/cs25m115/Neural_Acc/exp1/stage7c_per_layer_energy/runs/conv1_64pe/scale_sim_output_scale_64pe_energy/action_count.yaml
conv1,64,8x8,systolic_array.PE[27].ifmap_spad,PE_SPAD,write,6075.0,/home/cs25m115/Neural_Acc/exp1/stage7c_per_layer_energy/runs/conv1_64pe/scale_sim_output_scale_64pe_energy/action_count.yaml
conv1,64,8x8,systolic_array.PE[27].ifmap_spad,PE_SPAD,read,11390.625,/home/cs25m115/Neural_Acc/exp1/stage7c_per_layer_energy/runs/conv1_64pe/scale_sim_output_scale_64pe_energy/action_count.yaml
conv1,64,8x8,systolic_array.PE[28].ifmap_spad,PE_SPAD,write,6075.0,/home/cs25m115/Neural_Acc/exp1/stage7c_per_layer_energy/runs/conv1_64pe/scale_sim_output_scale_64pe_energy/action_count.yaml
conv1,64,8x8,systolic_array.PE[28].ifmap_spad,PE_SPAD,read,11390.625,/home/cs25m115/Neural_Acc/exp1/stage7c_per_layer_energy/runs/conv1_64pe/scale_sim_output_scale_64pe_energy/action_count.yaml
conv1,64,8x8,systolic_array.PE[29].ifmap_spad,PE_SPAD,write,6075.0,/home/cs25m115/Neural_Acc/exp1/stage7c_per_layer_energy/runs/conv1_64pe/scale_sim_output_scale_64pe_energy/action_count.yaml
conv1,64,8x8,systolic_array.PE[29].ifmap_spad,PE_SPAD,read,11390.625,/home/cs25m115/Neural_Acc/exp1/stage7c_per_layer_energy/runs/conv1_64pe/scale_sim_output_scale_64pe_energy/action_count.yaml
conv1,64,8x8,systolic_array.PE[30].ifmap_spad,PE_SPAD,write,6075.0,/home/cs25m115/Neural_Acc/exp1/stage7c_per_layer_energy/runs/conv1_64pe/scale_sim_output_scale_64pe_energy/action_count.yaml
conv1,64,8x8,systolic_array.PE[30].ifmap_spad,PE_SPAD,read,11390.625,/home/cs25m115/Neural_Acc/exp1/stage7c_per_layer_energy/runs/conv1_64pe/scale_sim_output_scale_64pe_energy/action_count.yaml
conv1,64,8x8,systolic_array.PE[31].ifmap_spad,PE_SPAD,write,6075.0,/home/cs25m115/Neural_Acc/exp1/stage7c_per_layer_energy/runs/conv1_64pe/scale_sim_output_scale_64pe_energy/action_count.yaml
conv1,64,8x8,systolic_array.PE[31].ifmap_spad,PE_SPAD,read,11390.625,/home/cs25m115/Neural_Acc/exp1/stage7c_per_layer_energy/runs/conv1_64pe/scale_sim_output_scale_64pe_energy/action_count.yaml
conv1,64,8x8,systolic_array.PE[32].ifmap_spad,PE_SPAD,write,6075.0,/home/cs25m115/Neural_Acc/exp1/stage7c_per_layer_energy/runs/conv1_64pe/scale_sim_output_scale_64pe_energy/action_count.yaml
conv1,64,8x8,systolic_array.PE[32].ifmap_spad,PE_SPAD,read,11390.625,/home/cs25m115/Neural_Acc/exp1/stage7c_per_layer_energy/runs/conv1_64pe/scale_sim_output_scale_64pe_energy/action_count.yaml
conv1,64,8x8,systolic_array.PE[33].ifmap_spad,PE_SPAD,write,6075.0,/home/cs25m115/Neural_Acc/exp1/stage7c_per_layer_energy/runs/conv1_64pe/scale_sim_output_scale_64pe_energy/action_count.yaml
conv1,64,8x8,systolic_array.PE[33].ifmap_spad,PE_SPAD,read,11390.625,/home/cs25m115/Neural_Acc/exp1/stage7c_per_layer_energy/runs/conv1_64pe/scale_sim_output_scale_64pe_energy/action_count.yaml
conv1,64,8x8,systolic_array.PE[34].ifmap_spad,PE_SPAD,write,6075.0,/home/cs25m115/Neural_Acc/exp1/stage7c_per_layer_energy/runs/conv1_64pe/scale_sim_output_scale_64pe_energy/action_count.yaml
conv1,64,8x8,systolic_array.PE[34].ifmap_spad,PE_SPAD,read,11390.625,/home/cs25m115/Neural_Acc/exp1/stage7c_per_layer_energy/runs/conv1_64pe/scale_sim_output_scale_64pe_energy/action_count.yaml
conv1,64,8x8,systolic_array.PE[35].ifmap_spad,PE_SPAD,write,6075.0,/home/cs25m115/Neural_Acc/exp1/stage7c_per_layer_energy/runs/conv1_64pe/scale_sim_output_scale_64pe_energy/action_count.yaml
conv1,64,8x8,systolic_array.PE[35].ifmap_spad,PE_SPAD,read,11390.625,/home/cs25m115/Neural_Acc/exp1/stage7c_per_layer_energy/runs/conv1_64pe/scale_sim_output_scale_64pe_energy/action_count.yaml
conv1,64,8x8,systolic_array.PE[36].ifmap_spad,PE_SPAD,write,6075.0,/home/cs25m115/Neural_Acc/exp1/stage7c_per_layer_energy/runs/conv1_64pe/scale_sim_output_scale_64pe_energy/action_count.yaml
conv1,64,8x8,systolic_array.PE[36].ifmap_spad,PE_SPAD,read,11390.625,/home/cs25m115/Neural_Acc/exp1/stage7c_per_layer_energy/runs/conv1_64pe/scale_sim_output_scale_64pe_energy/action_count.yaml
conv1,64,8x8,systolic_array.PE[37].ifmap_spad,PE_SPAD,write,6075.0,/home/cs25m115/Neural_Acc/exp1/stage7c_per_layer_energy/runs/conv1_64pe/scale_sim_output_scale_64pe_energy/action_count.yaml
conv1,64,8x8,systolic_array.PE[37].ifmap_spad,PE_SPAD,read,11390.625,/home/cs25m115/Neural_Acc/exp1/stage7c_per_layer_energy/runs/conv1_64pe/scale_sim_output_scale_64pe_energy/action_count.yaml
conv1,64,8x8,systolic_array.PE[38].ifmap_spad,PE_SPAD,write,6075.0,/home/cs25m115/Neural_Acc/exp1/stage7c_per_layer_energy/runs/conv1_64pe/scale_sim_output_scale_64pe_energy/action_count.yaml
conv1,64,8x8,systolic_array.PE[38].ifmap_spad,PE_SPAD,read,11390.625,/home/cs25m115/Neural_Acc/exp1/stage7c_per_layer_energy/runs/conv1_64pe/scale_sim_output_scale_64pe_energy/action_count.yaml
conv1,64,8x8,systolic_array.PE[39].ifmap_spad,PE_SPAD,write,6075.0,/home/cs25m115/Neural_Acc/exp1/stage7c_per_layer_energy/runs/conv1_64pe/scale_sim_output_scale_64pe_energy/action_count.yaml
conv1,64,8x8,systolic_array.PE[39].ifmap_spad,PE_SPAD,read,11390.625,/home/cs25m115/Neural_Acc/exp1/stage7c_per_layer_energy/runs/conv1_64pe/scale_sim_output_scale_64pe_energy/action_count.yaml
conv1,64,8x8,systolic_array.PE[40].ifmap_spad,PE_SPAD,write,6075.0,/home/cs25m115/Neural_Acc/exp1/stage7c_per_layer_energy/runs/conv1_64pe/scale_sim_output_scale_64pe_energy/action_count.yaml
conv1,64,8x8,systolic_array.PE[40].ifmap_spad,PE_SPAD,read,11390.625,/home/cs25m115/Neural_Acc/exp1/stage7c_per_layer_energy/runs/conv1_64pe/scale_sim_output_scale_64pe_energy/action_count.yaml
conv1,64,8x8,systolic_array.PE[41].ifmap_spad,PE_SPAD,write,6075.0,/home/cs25m115/Neural_Acc/exp1/stage7c_per_layer_energy/runs/conv1_64pe/scale_sim_output_scale_64pe_energy/action_count.yaml
conv1,64,8x8,systolic_array.PE[41].ifmap_spad,PE_SPAD,read,11390.625,/home/cs25m115/Neural_Acc/exp1/stage7c_per_layer_energy/runs/conv1_64pe/scale_sim_output_scale_64pe_energy/action_count.yaml
conv1,64,8x8,systolic_array.PE[42].ifmap_spad,PE_SPAD,write,6075.0,/home/cs25m115/Neural_Acc/exp1/stage7c_per_layer_energy/runs/conv1_64pe/scale_sim_output_scale_64pe_energy/action_count.yaml
conv1,64,8x8,systolic_array.PE[42].ifmap_spad,PE_SPAD,read,11390.625,/home/cs25m115/Neural_Acc/exp1/stage7c_per_layer_energy/runs/conv1_64pe/scale_sim_output_scale_64pe_energy/action_count.yaml
conv1,64,8x8,systolic_array.PE[43].ifmap_spad,PE_SPAD,write,6075.0,/home/cs25m115/Neural_Acc/exp1/stage7c_per_layer_energy/runs/conv1_64pe/scale_sim_output_scale_64pe_energy/action_count.yaml
conv1,64,8x8,systolic_array.PE[43].ifmap_spad,PE_SPAD,read,11390.625,/home/cs25m115/Neural_Acc/exp1/stage7c_per_layer_energy/runs/conv1_64pe/scale_sim_output_scale_64pe_energy/action_count.yaml
conv1,64,8x8,systolic_array.PE[44].ifmap_spad,PE_SPAD,write,6075.0,/home/cs25m115/Neural_Acc/exp1/stage7c_per_layer_energy/runs/conv1_64pe/scale_sim_output_scale_64pe_energy/action_count.yaml
conv1,64,8x8,systolic_array.PE[44].ifmap_spad,PE_SPAD,read,11390.625,/home/cs25m115/Neural_Acc/exp1/stage7c_per_layer_energy/runs/conv1_64pe/scale_sim_output_scale_64pe_energy/action_count.yaml
conv1,64,8x8,systolic_array.PE[45].ifmap_spad,PE_SPAD,write,6075.0,/home/cs25m115/Neural_Acc/exp1/stage7c_per_layer_energy/runs/conv1_64pe/scale_sim_output_scale_64pe_energy/action_count.yaml
conv1,64,8x8,systolic_array.PE[45].ifmap_spad,PE_SPAD,read,11390.625,/home/cs25m115/Neural_Acc/exp1/stage7c_per_layer_energy/runs/conv1_64pe/scale_sim_output_scale_64pe_energy/action_count.yaml
conv1,64,8x8,systolic_array.PE[46].ifmap_spad,PE_SPAD,write,6075.0,/home/cs25m115/Neural_Acc/exp1/stage7c_per_layer_energy/runs/conv1_64pe/scale_sim_output_scale_64pe_energy/action_count.yaml
conv1,64,8x8,systolic_array.PE[46].ifmap_spad,PE_SPAD,read,11390.625,/home/cs25m115/Neural_Acc/exp1/stage7c_per_layer_energy/runs/conv1_64pe/scale_sim_output_scale_64pe_energy/action_count.yaml
conv1,64,8x8,systolic_array.PE[47].ifmap_spad,PE_SPAD,write,6075.0,/home/cs25m115/Neural_Acc/exp1/stage7c_per_layer_energy/runs/conv1_64pe/scale_sim_output_scale_64pe_energy/action_count.yaml
conv1,64,8x8,systolic_array.PE[47].ifmap_spad,PE_SPAD,read,11390.625,/home/cs25m115/Neural_Acc/exp1/stage7c_per_layer_energy/runs/conv1_64pe/scale_sim_output_scale_64pe_energy/action_count.yaml
conv1,64,8x8,systolic_array.PE[48].ifmap_spad,PE_SPAD,write,6075.0,/home/cs25m115/Neural_Acc/exp1/stage7c_per_layer_energy/runs/conv1_64pe/scale_sim_output_scale_64pe_energy/action_count.yaml
conv1,64,8x8,systolic_array.PE[48].ifmap_spad,PE_SPAD,read,11390.625,/home/cs25m115/Neural_Acc/exp1/stage7c_per_layer_energy/runs/conv1_64pe/scale_sim_output_scale_64pe_energy/action_count.yaml
conv1,64,8x8,systolic_array.PE[49].ifmap_spad,PE_SPAD,write,6075.0,/home/cs25m115/Neural_Acc/exp1/stage7c_per_layer_energy/runs/conv1_64pe/scale_sim_output_scale_64pe_energy/action_count.yaml
conv1,64,8x8,systolic_array.PE[49].ifmap_spad,PE_SPAD,read,11390.625,/home/cs25m115/Neural_Acc/exp1/stage7c_per_layer_energy/runs/conv1_64pe/scale_sim_output_scale_64pe_energy/action_count.yaml
conv1,64,8x8,systolic_array.PE[50].ifmap_spad,PE_SPAD,write,6075.0,/home/cs25m115/Neural_Acc/exp1/stage7c_per_layer_energy/runs/conv1_64pe/scale_sim_output_scale_64pe_energy/action_count.yaml
conv1,64,8x8,systolic_array.PE[50].ifmap_spad,PE_SPAD,read,11390.625,/home/cs25m115/Neural_Acc/exp1/stage7c_per_layer_energy/runs/conv1_64pe/scale_sim_output_scale_64pe_energy/action_count.yaml
conv1,64,8x8,systolic_array.PE[51].ifmap_spad,PE_SPAD,write,6075.0,/home/cs25m115/Neural_Acc/exp1/stage7c_per_layer_energy/runs/conv1_64pe/scale_sim_output_scale_64pe_energy/action_count.yaml
conv1,64,8x8,systolic_array.PE[51].ifmap_spad,PE_SPAD,read,11390.625,/home/cs25m115/Neural_Acc/exp1/stage7c_per_layer_energy/runs/conv1_64pe/scale_sim_output_scale_64pe_energy/action_count.yaml
conv1,64,8x8,systolic_array.PE[52].ifmap_spad,PE_SPAD,write,6075.0,/home/cs25m115/Neural_Acc/exp1/stage7c_per_layer_energy/runs/conv1_64pe/scale_sim_output_scale_64pe_energy/action_count.yaml
conv1,64,8x8,systolic_array.PE[52].ifmap_spad,PE_SPAD,read,11390.625,/home/cs25m115/Neural_Acc/exp1/stage7c_per_layer_energy/runs/conv1_64pe/scale_sim_output_scale_64pe_energy/action_count.yaml
conv1,64,8x8,systolic_array.PE[53].ifmap_spad,PE_SPAD,write,6075.0,/home/cs25m115/Neural_Acc/exp1/stage7c_per_layer_energy/runs/conv1_64pe/scale_sim_output_scale_64pe_energy/action_count.yaml
conv1,64,8x8,systolic_array.PE[53].ifmap_spad,PE_SPAD,read,11390.625,/home/cs25m115/Neural_Acc/exp1/stage7c_per_layer_energy/runs/conv1_64pe/scale_sim_output_scale_64pe_energy/action_count.yaml
conv1,64,8x8,systolic_array.PE[54].ifmap_spad,PE_SPAD,write,6075.0,/home/cs25m115/Neural_Acc/exp1/stage7c_per_layer_energy/runs/conv1_64pe/scale_sim_output_scale_64pe_energy/action_count.yaml
conv1,64,8x8,systolic_array.PE[54].ifmap_spad,PE_SPAD,read,11390.625,/home/cs25m115/Neural_Acc/exp1/stage7c_per_layer_energy/runs/conv1_64pe/scale_sim_output_scale_64pe_energy/action_count.yaml
conv1,64,8x8,systolic_array.PE[55].ifmap_spad,PE_SPAD,write,6075.0,/home/cs25m115/Neural_Acc/exp1/stage7c_per_layer_energy/runs/conv1_64pe/scale_sim_output_scale_64pe_energy/action_count.yaml
conv1,64,8x8,systolic_array.PE[55].ifmap_spad,PE_SPAD,read,11390.625,/home/cs25m115/Neural_Acc/exp1/stage7c_per_layer_energy/runs/conv1_64pe/scale_sim_output_scale_64pe_energy/action_count.yaml
conv1,64,8x8,systolic_array.PE[56].ifmap_spad,PE_SPAD,write,6075.0,/home/cs25m115/Neural_Acc/exp1/stage7c_per_layer_energy/runs/conv1_64pe/scale_sim_output_scale_64pe_energy/action_count.yaml
conv1,64,8x8,systolic_array.PE[56].ifmap_spad,PE_SPAD,read,11390.625,/home/cs25m115/Neural_Acc/exp1/stage7c_per_layer_energy/runs/conv1_64pe/scale_sim_output_scale_64pe_energy/action_count.yaml
conv1,64,8x8,systolic_array.PE[57].ifmap_spad,PE_SPAD,write,6075.0,/home/cs25m115/Neural_Acc/exp1/stage7c_per_layer_energy/runs/conv1_64pe/scale_sim_output_scale_64pe_energy/action_count.yaml
conv1,64,8x8,systolic_array.PE[57].ifmap_spad,PE_SPAD,read,11390.625,/home/cs25m115/Neural_Acc/exp1/stage7c_per_layer_energy/runs/conv1_64pe/scale_sim_output_scale_64pe_energy/action_count.yaml
conv1,64,8x8,systolic_array.PE[58].ifmap_spad,PE_SPAD,write,6075.0,/home/cs25m115/Neural_Acc/exp1/stage7c_per_layer_energy/runs/conv1_64pe/scale_sim_output_scale_64pe_energy/action_count.yaml
conv1,64,8x8,systolic_array.PE[58].ifmap_spad,PE_SPAD,read,11390.625,/home/cs25m115/Neural_Acc/exp1/stage7c_per_layer_energy/runs/conv1_64pe/scale_sim_output_scale_64pe_energy/action_count.yaml
conv1,64,8x8,systolic_array.PE[59].ifmap_spad,PE_SPAD,write,6075.0,/home/cs25m115/Neural_Acc/exp1/stage7c_per_layer_energy/runs/conv1_64pe/scale_sim_output_scale_64pe_energy/action_count.yaml
conv1,64,8x8,systolic_array.PE[59].ifmap_spad,PE_SPAD,read,11390.625,/home/cs25m115/Neural_Acc/exp1/stage7c_per_layer_energy/runs/conv1_64pe/scale_sim_output_scale_64pe_energy/action_count.yaml
conv1,64,8x8,systolic_array.PE[60].ifmap_spad,PE_SPAD,write,6075.0,/home/cs25m115/Neural_Acc/exp1/stage7c_per_layer_energy/runs/conv1_64pe/scale_sim_output_scale_64pe_energy/action_count.yaml
conv1,64,8x8,systolic_array.PE[60].ifmap_spad,PE_SPAD,read,11390.625,/home/cs25m115/Neural_Acc/exp1/stage7c_per_layer_energy/runs/conv1_64pe/scale_sim_output_scale_64pe_energy/action_count.yaml
conv1,64,8x8,systolic_array.PE[61].ifmap_spad,PE_SPAD,write,6075.0,/home/cs25m115/Neural_Acc/exp1/stage7c_per_layer_energy/runs/conv1_64pe/scale_sim_output_scale_64pe_energy/action_count.yaml
conv1,64,8x8,systolic_array.PE[61].ifmap_spad,PE_SPAD,read,11390.625,/home/cs25m115/Neural_Acc/exp1/stage7c_per_layer_energy/runs/conv1_64pe/scale_sim_output_scale_64pe_energy/action_count.yaml
conv1,64,8x8,systolic_array.PE[62].ifmap_spad,PE_SPAD,write,6075.0,/home/cs25m115/Neural_Acc/exp1/stage7c_per_layer_energy/runs/conv1_64pe/scale_sim_output_scale_64pe_energy/action_count.yaml
conv1,64,8x8,systolic_array.PE[62].ifmap_spad,PE_SPAD,read,11390.625,/home/cs25m115/Neural_Acc/exp1/stage7c_per_layer_energy/runs/conv1_64pe/scale_sim_output_scale_64pe_energy/action_count.yaml
conv1,64,8x8,systolic_array.PE[63].ifmap_spad,PE_SPAD,write,6075.0,/home/cs25m115/Neural_Acc/exp1/stage7c_per_layer_energy/runs/conv1_64pe/scale_sim_output_scale_64pe_energy/action_count.yaml
conv1,64,8x8,systolic_array.PE[63].ifmap_spad,PE_SPAD,read,11390.625,/home/cs25m115/Neural_Acc/exp1/stage7c_per_layer_energy/runs/conv1_64pe/scale_sim_output_scale_64pe_energy/action_count.yaml
conv1,64,8x8,systolic_array.PE[0].psum_spad,PE_SPAD,write,7200.0,/home/cs25m115/Neural_Acc/exp1/stage7c_per_layer_energy/runs/conv1_64pe/scale_sim_output_scale_64pe_energy/action_count.yaml
conv1,64,8x8,systolic_array.PE[0].psum_spad,PE_SPAD,read,6300.0,/home/cs25m115/Neural_Acc/exp1/stage7c_per_layer_energy/runs/conv1_64pe/scale_sim_output_scale_64pe_energy/action_count.yaml
conv1,64,8x8,systolic_array.PE[1].psum_spad,PE_SPAD,write,7200.0,/home/cs25m115/Neural_Acc/exp1/stage7c_per_layer_energy/runs/conv1_64pe/scale_sim_output_scale_64pe_energy/action_count.yaml
conv1,64,8x8,systolic_array.PE[1].psum_spad,PE_SPAD,read,6300.0,/home/cs25m115/Neural_Acc/exp1/stage7c_per_layer_energy/runs/conv1_64pe/scale_sim_output_scale_64pe_energy/action_count.yaml
conv1,64,8x8,systolic_array.PE[2].psum_spad,PE_SPAD,write,7200.0,/home/cs25m115/Neural_Acc/exp1/stage7c_per_layer_energy/runs/conv1_64pe/scale_sim_output_scale_64pe_energy/action_count.yaml
conv1,64,8x8,systolic_array.PE[2].psum_spad,PE_SPAD,read,6300.0,/home/cs25m115/Neural_Acc/exp1/stage7c_per_layer_energy/runs/conv1_64pe/scale_sim_output_scale_64pe_energy/action_count.yaml
conv1,64,8x8,systolic_array.PE[3].psum_spad,PE_SPAD,write,7200.0,/home/cs25m115/Neural_Acc/exp1/stage7c_per_layer_energy/runs/conv1_64pe/scale_sim_output_scale_64pe_energy/action_count.yaml
conv1,64,8x8,systolic_array.PE[3].psum_spad,PE_SPAD,read,6300.0,/home/cs25m115/Neural_Acc/exp1/stage7c_per_layer_energy/runs/conv1_64pe/scale_sim_output_scale_64pe_energy/action_count.yaml
conv1,64,8x8,systolic_array.PE[4].psum_spad,PE_SPAD,write,7200.0,/home/cs25m115/Neural_Acc/exp1/stage7c_per_layer_energy/runs/conv1_64pe/scale_sim_output_scale_64pe_energy/action_count.yaml
conv1,64,8x8,systolic_array.PE[4].psum_spad,PE_SPAD,read,6300.0,/home/cs25m115/Neural_Acc/exp1/stage7c_per_layer_energy/runs/conv1_64pe/scale_sim_output_scale_64pe_energy/action_count.yaml
conv1,64,8x8,systolic_array.PE[5].psum_spad,PE_SPAD,write,7200.0,/home/cs25m115/Neural_Acc/exp1/stage7c_per_layer_energy/runs/conv1_64pe/scale_sim_output_scale_64pe_energy/action_count.yaml
conv1,64,8x8,systolic_array.PE[5].psum_spad,PE_SPAD,read,6300.0,/home/cs25m115/Neural_Acc/exp1/stage7c_per_layer_energy/runs/conv1_64pe/scale_sim_output_scale_64pe_energy/action_count.yaml
conv1,64,8x8,systolic_array.PE[6].psum_spad,PE_SPAD,write,7200.0,/home/cs25m115/Neural_Acc/exp1/stage7c_per_layer_energy/runs/conv1_64pe/scale_sim_output_scale_64pe_energy/action_count.yaml
conv1,64,8x8,systolic_array.PE[6].psum_spad,PE_SPAD,read,6300.0,/home/cs25m115/Neural_Acc/exp1/stage7c_per_layer_energy/runs/conv1_64pe/scale_sim_output_scale_64pe_energy/action_count.yaml
conv1,64,8x8,systolic_array.PE[7].psum_spad,PE_SPAD,write,7200.0,/home/cs25m115/Neural_Acc/exp1/stage7c_per_layer_energy/runs/conv1_64pe/scale_sim_output_scale_64pe_energy/action_count.yaml
conv1,64,8x8,systolic_array.PE[7].psum_spad,PE_SPAD,read,6300.0,/home/cs25m115/Neural_Acc/exp1/stage7c_per_layer_energy/runs/conv1_64pe/scale_sim_output_scale_64pe_energy/action_count.yaml
conv1,64,8x8,systolic_array.PE[8].psum_spad,PE_SPAD,write,7200.0,/home/cs25m115/Neural_Acc/exp1/stage7c_per_layer_energy/runs/conv1_64pe/scale_sim_output_scale_64pe_energy/action_count.yaml
conv1,64,8x8,systolic_array.PE[8].psum_spad,PE_SPAD,read,6300.0,/home/cs25m115/Neural_Acc/exp1/stage7c_per_layer_energy/runs/conv1_64pe/scale_sim_output_scale_64pe_energy/action_count.yaml
conv1,64,8x8,systolic_array.PE[9].psum_spad,PE_SPAD,write,7200.0,/home/cs25m115/Neural_Acc/exp1/stage7c_per_layer_energy/runs/conv1_64pe/scale_sim_output_scale_64pe_energy/action_count.yaml
conv1,64,8x8,systolic_array.PE[9].psum_spad,PE_SPAD,read,6300.0,/home/cs25m115/Neural_Acc/exp1/stage7c_per_layer_energy/runs/conv1_64pe/scale_sim_output_scale_64pe_energy/action_count.yaml
conv1,64,8x8,systolic_array.PE[10].psum_spad,PE_SPAD,write,7200.0,/home/cs25m115/Neural_Acc/exp1/stage7c_per_layer_energy/runs/conv1_64pe/scale_sim_output_scale_64pe_energy/action_count.yaml
conv1,64,8x8,systolic_array.PE[10].psum_spad,PE_SPAD,read,6300.0,/home/cs25m115/Neural_Acc/exp1/stage7c_per_layer_energy/runs/conv1_64pe/scale_sim_output_scale_64pe_energy/action_count.yaml
conv1,64,8x8,systolic_array.PE[11].psum_spad,PE_SPAD,write,7200.0,/home/cs25m115/Neural_Acc/exp1/stage7c_per_layer_energy/runs/conv1_64pe/scale_sim_output_scale_64pe_energy/action_count.yaml
conv1,64,8x8,systolic_array.PE[11].psum_spad,PE_SPAD,read,6300.0,/home/cs25m115/Neural_Acc/exp1/stage7c_per_layer_energy/runs/conv1_64pe/scale_sim_output_scale_64pe_energy/action_count.yaml
conv1,64,8x8,systolic_array.PE[12].psum_spad,PE_SPAD,write,7200.0,/home/cs25m115/Neural_Acc/exp1/stage7c_per_layer_energy/runs/conv1_64pe/scale_sim_output_scale_64pe_energy/action_count.yaml
conv1,64,8x8,systolic_array.PE[12].psum_spad,PE_SPAD,read,6300.0,/home/cs25m115/Neural_Acc/exp1/stage7c_per_layer_energy/runs/conv1_64pe/scale_sim_output_scale_64pe_energy/action_count.yaml
conv1,64,8x8,systolic_array.PE[13].psum_spad,PE_SPAD,write,7200.0,/home/cs25m115/Neural_Acc/exp1/stage7c_per_layer_energy/runs/conv1_64pe/scale_sim_output_scale_64pe_energy/action_count.yaml
conv1,64,8x8,systolic_array.PE[13].psum_spad,PE_SPAD,read,6300.0,/home/cs25m115/Neural_Acc/exp1/stage7c_per_layer_energy/runs/conv1_64pe/scale_sim_output_scale_64pe_energy/action_count.yaml
conv1,64,8x8,systolic_array.PE[14].psum_spad,PE_SPAD,write,7200.0,/home/cs25m115/Neural_Acc/exp1/stage7c_per_layer_energy/runs/conv1_64pe/scale_sim_output_scale_64pe_energy/action_count.yaml
conv1,64,8x8,systolic_array.PE[14].psum_spad,PE_SPAD,read,6300.0,/home/cs25m115/Neural_Acc/exp1/stage7c_per_layer_energy/runs/conv1_64pe/scale_sim_output_scale_64pe_energy/action_count.yaml
conv1,64,8x8,systolic_array.PE[15].psum_spad,PE_SPAD,write,7200.0,/home/cs25m115/Neural_Acc/exp1/stage7c_per_layer_energy/runs/conv1_64pe/scale_sim_output_scale_64pe_energy/action_count.yaml
conv1,64,8x8,systolic_array.PE[15].psum_spad,PE_SPAD,read,6300.0,/home/cs25m115/Neural_Acc/exp1/stage7c_per_layer_energy/runs/conv1_64pe/scale_sim_output_scale_64pe_energy/action_count.yaml
conv1,64,8x8,systolic_array.PE[16].psum_spad,PE_SPAD,write,7200.0,/home/cs25m115/Neural_Acc/exp1/stage7c_per_layer_energy/runs/conv1_64pe/scale_sim_output_scale_64pe_energy/action_count.yaml
conv1,64,8x8,systolic_array.PE[16].psum_spad,PE_SPAD,read,6300.0,/home/cs25m115/Neural_Acc/exp1/stage7c_per_layer_energy/runs/conv1_64pe/scale_sim_output_scale_64pe_energy/action_count.yaml
conv1,64,8x8,systolic_array.PE[17].psum_spad,PE_SPAD,write,7200.0,/home/cs25m115/Neural_Acc/exp1/stage7c_per_layer_energy/runs/conv1_64pe/scale_sim_output_scale_64pe_energy/action_count.yaml
conv1,64,8x8,systolic_array.PE[17].psum_spad,PE_SPAD,read,6300.0,/home/cs25m115/Neural_Acc/exp1/stage7c_per_layer_energy/runs/conv1_64pe/scale_sim_output_scale_64pe_energy/action_count.yaml
conv1,64,8x8,systolic_array.PE[18].psum_spad,PE_SPAD,write,7200.0,/home/cs25m115/Neural_Acc/exp1/stage7c_per_layer_energy/runs/conv1_64pe/scale_sim_output_scale_64pe_energy/action_count.yaml
conv1,64,8x8,systolic_array.PE[18].psum_spad,PE_SPAD,read,6300.0,/home/cs25m115/Neural_Acc/exp1/stage7c_per_layer_energy/runs/conv1_64pe/scale_sim_output_scale_64pe_energy/action_count.yaml
conv1,64,8x8,systolic_array.PE[19].psum_spad,PE_SPAD,write,7200.0,/home/cs25m115/Neural_Acc/exp1/stage7c_per_layer_energy/runs/conv1_64pe/scale_sim_output_scale_64pe_energy/action_count.yaml
conv1,64,8x8,systolic_array.PE[19].psum_spad,PE_SPAD,read,6300.0,/home/cs25m115/Neural_Acc/exp1/stage7c_per_layer_energy/runs/conv1_64pe/scale_sim_output_scale_64pe_energy/action_count.yaml
conv1,64,8x8,systolic_array.PE[20].psum_spad,PE_SPAD,write,7200.0,/home/cs25m115/Neural_Acc/exp1/stage7c_per_layer_energy/runs/conv1_64pe/scale_sim_output_scale_64pe_energy/action_count.yaml
conv1,64,8x8,systolic_array.PE[20].psum_spad,PE_SPAD,read,6300.0,/home/cs25m115/Neural_Acc/exp1/stage7c_per_layer_energy/runs/conv1_64pe/scale_sim_output_scale_64pe_energy/action_count.yaml
conv1,64,8x8,systolic_array.PE[21].psum_spad,PE_SPAD,write,7200.0,/home/cs25m115/Neural_Acc/exp1/stage7c_per_layer_energy/runs/conv1_64pe/scale_sim_output_scale_64pe_energy/action_count.yaml
conv1,64,8x8,systolic_array.PE[21].psum_spad,PE_SPAD,read,6300.0,/home/cs25m115/Neural_Acc/exp1/stage7c_per_layer_energy/runs/conv1_64pe/scale_sim_output_scale_64pe_energy/action_count.yaml
conv1,64,8x8,systolic_array.PE[22].psum_spad,PE_SPAD,write,7200.0,/home/cs25m115/Neural_Acc/exp1/stage7c_per_layer_energy/runs/conv1_64pe/scale_sim_output_scale_64pe_energy/action_count.yaml
conv1,64,8x8,systolic_array.PE[22].psum_spad,PE_SPAD,read,6300.0,/home/cs25m115/Neural_Acc/exp1/stage7c_per_layer_energy/runs/conv1_64pe/scale_sim_output_scale_64pe_energy/action_count.yaml
conv1,64,8x8,systolic_array.PE[23].psum_spad,PE_SPAD,write,7200.0,/home/cs25m115/Neural_Acc/exp1/stage7c_per_layer_energy/runs/conv1_64pe/scale_sim_output_scale_64pe_energy/action_count.yaml
conv1,64,8x8,systolic_array.PE[23].psum_spad,PE_SPAD,read,6300.0,/home/cs25m115/Neural_Acc/exp1/stage7c_per_layer_energy/runs/conv1_64pe/scale_sim_output_scale_64pe_energy/action_count.yaml
conv1,64,8x8,systolic_array.PE[24].psum_spad,PE_SPAD,write,7200.0,/home/cs25m115/Neural_Acc/exp1/stage7c_per_layer_energy/runs/conv1_64pe/scale_sim_output_scale_64pe_energy/action_count.yaml
conv1,64,8x8,systolic_array.PE[24].psum_spad,PE_SPAD,read,6300.0,/home/cs25m115/Neural_Acc/exp1/stage7c_per_layer_energy/runs/conv1_64pe/scale_sim_output_scale_64pe_energy/action_count.yaml
conv1,64,8x8,systolic_array.PE[25].psum_spad,PE_SPAD,write,7200.0,/home/cs25m115/Neural_Acc/exp1/stage7c_per_layer_energy/runs/conv1_64pe/scale_sim_output_scale_64pe_energy/action_count.yaml
conv1,64,8x8,systolic_array.PE[25].psum_spad,PE_SPAD,read,6300.0,/home/cs25m115/Neural_Acc/exp1/stage7c_per_layer_energy/runs/conv1_64pe/scale_sim_output_scale_64pe_energy/action_count.yaml
conv1,64,8x8,systolic_array.PE[26].psum_spad,PE_SPAD,write,7200.0,/home/cs25m115/Neural_Acc/exp1/stage7c_per_layer_energy/runs/conv1_64pe/scale_sim_output_scale_64pe_energy/action_count.yaml
conv1,64,8x8,systolic_array.PE[26].psum_spad,PE_SPAD,read,6300.0,/home/cs25m115/Neural_Acc/exp1/stage7c_per_layer_energy/runs/conv1_64pe/scale_sim_output_scale_64pe_energy/action_count.yaml
conv1,64,8x8,systolic_array.PE[27].psum_spad,PE_SPAD,write,7200.0,/home/cs25m115/Neural_Acc/exp1/stage7c_per_layer_energy/runs/conv1_64pe/scale_sim_output_scale_64pe_energy/action_count.yaml
conv1,64,8x8,systolic_array.PE[27].psum_spad,PE_SPAD,read,6300.0,/home/cs25m115/Neural_Acc/exp1/stage7c_per_layer_energy/runs/conv1_64pe/scale_sim_output_scale_64pe_energy/action_count.yaml
conv1,64,8x8,systolic_array.PE[28].psum_spad,PE_SPAD,write,7200.0,/home/cs25m115/Neural_Acc/exp1/stage7c_per_layer_energy/runs/conv1_64pe/scale_sim_output_scale_64pe_energy/action_count.yaml
conv1,64,8x8,systolic_array.PE[28].psum_spad,PE_SPAD,read,6300.0,/home/cs25m115/Neural_Acc/exp1/stage7c_per_layer_energy/runs/conv1_64pe/scale_sim_output_scale_64pe_energy/action_count.yaml
conv1,64,8x8,systolic_array.PE[29].psum_spad,PE_SPAD,write,7200.0,/home/cs25m115/Neural_Acc/exp1/stage7c_per_layer_energy/runs/conv1_64pe/scale_sim_output_scale_64pe_energy/action_count.yaml
conv1,64,8x8,systolic_array.PE[29].psum_spad,PE_SPAD,read,6300.0,/home/cs25m115/Neural_Acc/exp1/stage7c_per_layer_energy/runs/conv1_64pe/scale_sim_output_scale_64pe_energy/action_count.yaml
conv1,64,8x8,systolic_array.PE[30].psum_spad,PE_SPAD,write,7200.0,/home/cs25m115/Neural_Acc/exp1/stage7c_per_layer_energy/runs/conv1_64pe/scale_sim_output_scale_64pe_energy/action_count.yaml
conv1,64,8x8,systolic_array.PE[30].psum_spad,PE_SPAD,read,6300.0,/home/cs25m115/Neural_Acc/exp1/stage7c_per_layer_energy/runs/conv1_64pe/scale_sim_output_scale_64pe_energy/action_count.yaml
conv1,64,8x8,systolic_array.PE[31].psum_spad,PE_SPAD,write,7200.0,/home/cs25m115/Neural_Acc/exp1/stage7c_per_layer_energy/runs/conv1_64pe/scale_sim_output_scale_64pe_energy/action_count.yaml
conv1,64,8x8,systolic_array.PE[31].psum_spad,PE_SPAD,read,6300.0,/home/cs25m115/Neural_Acc/exp1/stage7c_per_layer_energy/runs/conv1_64pe/scale_sim_output_scale_64pe_energy/action_count.yaml
conv1,64,8x8,systolic_array.PE[32].psum_spad,PE_SPAD,write,7200.0,/home/cs25m115/Neural_Acc/exp1/stage7c_per_layer_energy/runs/conv1_64pe/scale_sim_output_scale_64pe_energy/action_count.yaml
conv1,64,8x8,systolic_array.PE[32].psum_spad,PE_SPAD,read,6300.0,/home/cs25m115/Neural_Acc/exp1/stage7c_per_layer_energy/runs/conv1_64pe/scale_sim_output_scale_64pe_energy/action_count.yaml
conv1,64,8x8,systolic_array.PE[33].psum_spad,PE_SPAD,write,7200.0,/home/cs25m115/Neural_Acc/exp1/stage7c_per_layer_energy/runs/conv1_64pe/scale_sim_output_scale_64pe_energy/action_count.yaml
conv1,64,8x8,systolic_array.PE[33].psum_spad,PE_SPAD,read,6300.0,/home/cs25m115/Neural_Acc/exp1/stage7c_per_layer_energy/runs/conv1_64pe/scale_sim_output_scale_64pe_energy/action_count.yaml
conv1,64,8x8,systolic_array.PE[34].psum_spad,PE_SPAD,write,7200.0,/home/cs25m115/Neural_Acc/exp1/stage7c_per_layer_energy/runs/conv1_64pe/scale_sim_output_scale_64pe_energy/action_count.yaml
conv1,64,8x8,systolic_array.PE[34].psum_spad,PE_SPAD,read,6300.0,/home/cs25m115/Neural_Acc/exp1/stage7c_per_layer_energy/runs/conv1_64pe/scale_sim_output_scale_64pe_energy/action_count.yaml
conv1,64,8x8,systolic_array.PE[35].psum_spad,PE_SPAD,write,7200.0,/home/cs25m115/Neural_Acc/exp1/stage7c_per_layer_energy/runs/conv1_64pe/scale_sim_output_scale_64pe_energy/action_count.yaml
conv1,64,8x8,systolic_array.PE[35].psum_spad,PE_SPAD,read,6300.0,/home/cs25m115/Neural_Acc/exp1/stage7c_per_layer_energy/runs/conv1_64pe/scale_sim_output_scale_64pe_energy/action_count.yaml
conv1,64,8x8,systolic_array.PE[36].psum_spad,PE_SPAD,write,7200.0,/home/cs25m115/Neural_Acc/exp1/stage7c_per_layer_energy/runs/conv1_64pe/scale_sim_output_scale_64pe_energy/action_count.yaml
conv1,64,8x8,systolic_array.PE[36].psum_spad,PE_SPAD,read,6300.0,/home/cs25m115/Neural_Acc/exp1/stage7c_per_layer_energy/runs/conv1_64pe/scale_sim_output_scale_64pe_energy/action_count.yaml
conv1,64,8x8,systolic_array.PE[37].psum_spad,PE_SPAD,write,7200.0,/home/cs25m115/Neural_Acc/exp1/stage7c_per_layer_energy/runs/conv1_64pe/scale_sim_output_scale_64pe_energy/action_count.yaml
conv1,64,8x8,systolic_array.PE[37].psum_spad,PE_SPAD,read,6300.0,/home/cs25m115/Neural_Acc/exp1/stage7c_per_layer_energy/runs/conv1_64pe/scale_sim_output_scale_64pe_energy/action_count.yaml
conv1,64,8x8,systolic_array.PE[38].psum_spad,PE_SPAD,write,7200.0,/home/cs25m115/Neural_Acc/exp1/stage7c_per_layer_energy/runs/conv1_64pe/scale_sim_output_scale_64pe_energy/action_count.yaml
conv1,64,8x8,systolic_array.PE[38].psum_spad,PE_SPAD,read,6300.0,/home/cs25m115/Neural_Acc/exp1/stage7c_per_layer_energy/runs/conv1_64pe/scale_sim_output_scale_64pe_energy/action_count.yaml
conv1,64,8x8,systolic_array.PE[39].psum_spad,PE_SPAD,write,7200.0,/home/cs25m115/Neural_Acc/exp1/stage7c_per_layer_energy/runs/conv1_64pe/scale_sim_output_scale_64pe_energy/action_count.yaml
conv1,64,8x8,systolic_array.PE[39].psum_spad,PE_SPAD,read,6300.0,/home/cs25m115/Neural_Acc/exp1/stage7c_per_layer_energy/runs/conv1_64pe/scale_sim_output_scale_64pe_energy/action_count.yaml
conv1,64,8x8,systolic_array.PE[40].psum_spad,PE_SPAD,write,7200.0,/home/cs25m115/Neural_Acc/exp1/stage7c_per_layer_energy/runs/conv1_64pe/scale_sim_output_scale_64pe_energy/action_count.yaml
conv1,64,8x8,systolic_array.PE[40].psum_spad,PE_SPAD,read,6300.0,/home/cs25m115/Neural_Acc/exp1/stage7c_per_layer_energy/runs/conv1_64pe/scale_sim_output_scale_64pe_energy/action_count.yaml
conv1,64,8x8,systolic_array.PE[41].psum_spad,PE_SPAD,write,7200.0,/home/cs25m115/Neural_Acc/exp1/stage7c_per_layer_energy/runs/conv1_64pe/scale_sim_output_scale_64pe_energy/action_count.yaml
conv1,64,8x8,systolic_array.PE[41].psum_spad,PE_SPAD,read,6300.0,/home/cs25m115/Neural_Acc/exp1/stage7c_per_layer_energy/runs/conv1_64pe/scale_sim_output_scale_64pe_energy/action_count.yaml
conv1,64,8x8,systolic_array.PE[42].psum_spad,PE_SPAD,write,7200.0,/home/cs25m115/Neural_Acc/exp1/stage7c_per_layer_energy/runs/conv1_64pe/scale_sim_output_scale_64pe_energy/action_count.yaml
conv1,64,8x8,systolic_array.PE[42].psum_spad,PE_SPAD,read,6300.0,/home/cs25m115/Neural_Acc/exp1/stage7c_per_layer_energy/runs/conv1_64pe/scale_sim_output_scale_64pe_energy/action_count.yaml
conv1,64,8x8,systolic_array.PE[43].psum_spad,PE_SPAD,write,7200.0,/home/cs25m115/Neural_Acc/exp1/stage7c_per_layer_energy/runs/conv1_64pe/scale_sim_output_scale_64pe_energy/action_count.yaml
conv1,64,8x8,systolic_array.PE[43].psum_spad,PE_SPAD,read,6300.0,/home/cs25m115/Neural_Acc/exp1/stage7c_per_layer_energy/runs/conv1_64pe/scale_sim_output_scale_64pe_energy/action_count.yaml
conv1,64,8x8,systolic_array.PE[44].psum_spad,PE_SPAD,write,7200.0,/home/cs25m115/Neural_Acc/exp1/stage7c_per_layer_energy/runs/conv1_64pe/scale_sim_output_scale_64pe_energy/action_count.yaml
conv1,64,8x8,systolic_array.PE[44].psum_spad,PE_SPAD,read,6300.0,/home/cs25m115/Neural_Acc/exp1/stage7c_per_layer_energy/runs/conv1_64pe/scale_sim_output_scale_64pe_energy/action_count.yaml
conv1,64,8x8,systolic_array.PE[45].psum_spad,PE_SPAD,write,7200.0,/home/cs25m115/Neural_Acc/exp1/stage7c_per_layer_energy/runs/conv1_64pe/scale_sim_output_scale_64pe_energy/action_count.yaml
conv1,64,8x8,systolic_array.PE[45].psum_spad,PE_SPAD,read,6300.0,/home/cs25m115/Neural_Acc/exp1/stage7c_per_layer_energy/runs/conv1_64pe/scale_sim_output_scale_64pe_energy/action_count.yaml
conv1,64,8x8,systolic_array.PE[46].psum_spad,PE_SPAD,write,7200.0,/home/cs25m115/Neural_Acc/exp1/stage7c_per_layer_energy/runs/conv1_64pe/scale_sim_output_scale_64pe_energy/action_count.yaml
conv1,64,8x8,systolic_array.PE[46].psum_spad,PE_SPAD,read,6300.0,/home/cs25m115/Neural_Acc/exp1/stage7c_per_layer_energy/runs/conv1_64pe/scale_sim_output_scale_64pe_energy/action_count.yaml
conv1,64,8x8,systolic_array.PE[47].psum_spad,PE_SPAD,write,7200.0,/home/cs25m115/Neural_Acc/exp1/stage7c_per_layer_energy/runs/conv1_64pe/scale_sim_output_scale_64pe_energy/action_count.yaml
conv1,64,8x8,systolic_array.PE[47].psum_spad,PE_SPAD,read,6300.0,/home/cs25m115/Neural_Acc/exp1/stage7c_per_layer_energy/runs/conv1_64pe/scale_sim_output_scale_64pe_energy/action_count.yaml
conv1,64,8x8,systolic_array.PE[48].psum_spad,PE_SPAD,write,7200.0,/home/cs25m115/Neural_Acc/exp1/stage7c_per_layer_energy/runs/conv1_64pe/scale_sim_output_scale_64pe_energy/action_count.yaml
conv1,64,8x8,systolic_array.PE[48].psum_spad,PE_SPAD,read,6300.0,/home/cs25m115/Neural_Acc/exp1/stage7c_per_layer_energy/runs/conv1_64pe/scale_sim_output_scale_64pe_energy/action_count.yaml
conv1,64,8x8,systolic_array.PE[49].psum_spad,PE_SPAD,write,7200.0,/home/cs25m115/Neural_Acc/exp1/stage7c_per_layer_energy/runs/conv1_64pe/scale_sim_output_scale_64pe_energy/action_count.yaml
conv1,64,8x8,systolic_array.PE[49].psum_spad,PE_SPAD,read,6300.0,/home/cs25m115/Neural_Acc/exp1/stage7c_per_layer_energy/runs/conv1_64pe/scale_sim_output_scale_64pe_energy/action_count.yaml
conv1,64,8x8,systolic_array.PE[50].psum_spad,PE_SPAD,write,7200.0,/home/cs25m115/Neural_Acc/exp1/stage7c_per_layer_energy/runs/conv1_64pe/scale_sim_output_scale_64pe_energy/action_count.yaml
conv1,64,8x8,systolic_array.PE[50].psum_spad,PE_SPAD,read,6300.0,/home/cs25m115/Neural_Acc/exp1/stage7c_per_layer_energy/runs/conv1_64pe/scale_sim_output_scale_64pe_energy/action_count.yaml
conv1,64,8x8,systolic_array.PE[51].psum_spad,PE_SPAD,write,7200.0,/home/cs25m115/Neural_Acc/exp1/stage7c_per_layer_energy/runs/conv1_64pe/scale_sim_output_scale_64pe_energy/action_count.yaml
conv1,64,8x8,systolic_array.PE[51].psum_spad,PE_SPAD,read,6300.0,/home/cs25m115/Neural_Acc/exp1/stage7c_per_layer_energy/runs/conv1_64pe/scale_sim_output_scale_64pe_energy/action_count.yaml
conv1,64,8x8,systolic_array.PE[52].psum_spad,PE_SPAD,write,7200.0,/home/cs25m115/Neural_Acc/exp1/stage7c_per_layer_energy/runs/conv1_64pe/scale_sim_output_scale_64pe_energy/action_count.yaml
conv1,64,8x8,systolic_array.PE[52].psum_spad,PE_SPAD,read,6300.0,/home/cs25m115/Neural_Acc/exp1/stage7c_per_layer_energy/runs/conv1_64pe/scale_sim_output_scale_64pe_energy/action_count.yaml
conv1,64,8x8,systolic_array.PE[53].psum_spad,PE_SPAD,write,7200.0,/home/cs25m115/Neural_Acc/exp1/stage7c_per_layer_energy/runs/conv1_64pe/scale_sim_output_scale_64pe_energy/action_count.yaml
conv1,64,8x8,systolic_array.PE[53].psum_spad,PE_SPAD,read,6300.0,/home/cs25m115/Neural_Acc/exp1/stage7c_per_layer_energy/runs/conv1_64pe/scale_sim_output_scale_64pe_energy/action_count.yaml
conv1,64,8x8,systolic_array.PE[54].psum_spad,PE_SPAD,write,7200.0,/home/cs25m115/Neural_Acc/exp1/stage7c_per_layer_energy/runs/conv1_64pe/scale_sim_output_scale_64pe_energy/action_count.yaml
conv1,64,8x8,systolic_array.PE[54].psum_spad,PE_SPAD,read,6300.0,/home/cs25m115/Neural_Acc/exp1/stage7c_per_layer_energy/runs/conv1_64pe/scale_sim_output_scale_64pe_energy/action_count.yaml
conv1,64,8x8,systolic_array.PE[55].psum_spad,PE_SPAD,write,7200.0,/home/cs25m115/Neural_Acc/exp1/stage7c_per_layer_energy/runs/conv1_64pe/scale_sim_output_scale_64pe_energy/action_count.yaml
conv1,64,8x8,systolic_array.PE[55].psum_spad,PE_SPAD,read,6300.0,/home/cs25m115/Neural_Acc/exp1/stage7c_per_layer_energy/runs/conv1_64pe/scale_sim_output_scale_64pe_energy/action_count.yaml
conv1,64,8x8,systolic_array.PE[56].psum_spad,PE_SPAD,write,7200.0,/home/cs25m115/Neural_Acc/exp1/stage7c_per_layer_energy/runs/conv1_64pe/scale_sim_output_scale_64pe_energy/action_count.yaml
conv1,64,8x8,systolic_array.PE[56].psum_spad,PE_SPAD,read,6300.0,/home/cs25m115/Neural_Acc/exp1/stage7c_per_layer_energy/runs/conv1_64pe/scale_sim_output_scale_64pe_energy/action_count.yaml
conv1,64,8x8,systolic_array.PE[57].psum_spad,PE_SPAD,write,7200.0,/home/cs25m115/Neural_Acc/exp1/stage7c_per_layer_energy/runs/conv1_64pe/scale_sim_output_scale_64pe_energy/action_count.yaml
conv1,64,8x8,systolic_array.PE[57].psum_spad,PE_SPAD,read,6300.0,/home/cs25m115/Neural_Acc/exp1/stage7c_per_layer_energy/runs/conv1_64pe/scale_sim_output_scale_64pe_energy/action_count.yaml
conv1,64,8x8,systolic_array.PE[58].psum_spad,PE_SPAD,write,7200.0,/home/cs25m115/Neural_Acc/exp1/stage7c_per_layer_energy/runs/conv1_64pe/scale_sim_output_scale_64pe_energy/action_count.yaml
conv1,64,8x8,systolic_array.PE[58].psum_spad,PE_SPAD,read,6300.0,/home/cs25m115/Neural_Acc/exp1/stage7c_per_layer_energy/runs/conv1_64pe/scale_sim_output_scale_64pe_energy/action_count.yaml
conv1,64,8x8,systolic_array.PE[59].psum_spad,PE_SPAD,write,7200.0,/home/cs25m115/Neural_Acc/exp1/stage7c_per_layer_energy/runs/conv1_64pe/scale_sim_output_scale_64pe_energy/action_count.yaml
conv1,64,8x8,systolic_array.PE[59].psum_spad,PE_SPAD,read,6300.0,/home/cs25m115/Neural_Acc/exp1/stage7c_per_layer_energy/runs/conv1_64pe/scale_sim_output_scale_64pe_energy/action_count.yaml
conv1,64,8x8,systolic_array.PE[60].psum_spad,PE_SPAD,write,7200.0,/home/cs25m115/Neural_Acc/exp1/stage7c_per_layer_energy/runs/conv1_64pe/scale_sim_output_scale_64pe_energy/action_count.yaml
conv1,64,8x8,systolic_array.PE[60].psum_spad,PE_SPAD,read,6300.0,/home/cs25m115/Neural_Acc/exp1/stage7c_per_layer_energy/runs/conv1_64pe/scale_sim_output_scale_64pe_energy/action_count.yaml
conv1,64,8x8,systolic_array.PE[61].psum_spad,PE_SPAD,write,7200.0,/home/cs25m115/Neural_Acc/exp1/stage7c_per_layer_energy/runs/conv1_64pe/scale_sim_output_scale_64pe_energy/action_count.yaml
conv1,64,8x8,systolic_array.PE[61].psum_spad,PE_SPAD,read,6300.0,/home/cs25m115/Neural_Acc/exp1/stage7c_per_layer_energy/runs/conv1_64pe/scale_sim_output_scale_64pe_energy/action_count.yaml
conv1,64,8x8,systolic_array.PE[62].psum_spad,PE_SPAD,write,7200.0,/home/cs25m115/Neural_Acc/exp1/stage7c_per_layer_energy/runs/conv1_64pe/scale_sim_output_scale_64pe_energy/action_count.yaml
conv1,64,8x8,systolic_array.PE[62].psum_spad,PE_SPAD,read,6300.0,/home/cs25m115/Neural_Acc/exp1/stage7c_per_layer_energy/runs/conv1_64pe/scale_sim_output_scale_64pe_energy/action_count.yaml
conv1,64,8x8,systolic_array.PE[63].psum_spad,PE_SPAD,write,7200.0,/home/cs25m115/Neural_Acc/exp1/stage7c_per_layer_energy/runs/conv1_64pe/scale_sim_output_scale_64pe_energy/action_count.yaml
conv1,64,8x8,systolic_array.PE[63].psum_spad,PE_SPAD,read,6300.0,/home/cs25m115/Neural_Acc/exp1/stage7c_per_layer_energy/runs/conv1_64pe/scale_sim_output_scale_64pe_energy/action_count.yaml
conv1,64,8x8,systolic_array.PE[0].mac,MAC,mac_random,7375.0,/home/cs25m115/Neural_Acc/exp1/stage7c_per_layer_energy/runs/conv1_64pe/scale_sim_output_scale_64pe_energy/action_count.yaml
conv1,64,8x8,systolic_array.PE[1].mac,MAC,mac_random,7375.0,/home/cs25m115/Neural_Acc/exp1/stage7c_per_layer_energy/runs/conv1_64pe/scale_sim_output_scale_64pe_energy/action_count.yaml
conv1,64,8x8,systolic_array.PE[2].mac,MAC,mac_random,7375.0,/home/cs25m115/Neural_Acc/exp1/stage7c_per_layer_energy/runs/conv1_64pe/scale_sim_output_scale_64pe_energy/action_count.yaml
conv1,64,8x8,systolic_array.PE[3].mac,MAC,mac_random,7375.0,/home/cs25m115/Neural_Acc/exp1/stage7c_per_layer_energy/runs/conv1_64pe/scale_sim_output_scale_64pe_energy/action_count.yaml
conv1,64,8x8,systolic_array.PE[4].mac,MAC,mac_random,7375.0,/home/cs25m115/Neural_Acc/exp1/stage7c_per_layer_energy/runs/conv1_64pe/scale_sim_output_scale_64pe_energy/action_count.yaml
conv1,64,8x8,systolic_array.PE[5].mac,MAC,mac_random,7375.0,/home/cs25m115/Neural_Acc/exp1/stage7c_per_layer_energy/runs/conv1_64pe/scale_sim_output_scale_64pe_energy/action_count.yaml
conv1,64,8x8,systolic_array.PE[6].mac,MAC,mac_random,7375.0,/home/cs25m115/Neural_Acc/exp1/stage7c_per_layer_energy/runs/conv1_64pe/scale_sim_output_scale_64pe_energy/action_count.yaml
conv1,64,8x8,systolic_array.PE[7].mac,MAC,mac_random,7375.0,/home/cs25m115/Neural_Acc/exp1/stage7c_per_layer_energy/runs/conv1_64pe/scale_sim_output_scale_64pe_energy/action_count.yaml
conv1,64,8x8,systolic_array.PE[8].mac,MAC,mac_random,7375.0,/home/cs25m115/Neural_Acc/exp1/stage7c_per_layer_energy/runs/conv1_64pe/scale_sim_output_scale_64pe_energy/action_count.yaml
conv1,64,8x8,systolic_array.PE[9].mac,MAC,mac_random,7375.0,/home/cs25m115/Neural_Acc/exp1/stage7c_per_layer_energy/runs/conv1_64pe/scale_sim_output_scale_64pe_energy/action_count.yaml
conv1,64,8x8,systolic_array.PE[10].mac,MAC,mac_random,7375.0,/home/cs25m115/Neural_Acc/exp1/stage7c_per_layer_energy/runs/conv1_64pe/scale_sim_output_scale_64pe_energy/action_count.yaml
conv1,64,8x8,systolic_array.PE[11].mac,MAC,mac_random,7375.0,/home/cs25m115/Neural_Acc/exp1/stage7c_per_layer_energy/runs/conv1_64pe/scale_sim_output_scale_64pe_energy/action_count.yaml
conv1,64,8x8,systolic_array.PE[12].mac,MAC,mac_random,7375.0,/home/cs25m115/Neural_Acc/exp1/stage7c_per_layer_energy/runs/conv1_64pe/scale_sim_output_scale_64pe_energy/action_count.yaml
conv1,64,8x8,systolic_array.PE[13].mac,MAC,mac_random,7375.0,/home/cs25m115/Neural_Acc/exp1/stage7c_per_layer_energy/runs/conv1_64pe/scale_sim_output_scale_64pe_energy/action_count.yaml
conv1,64,8x8,systolic_array.PE[14].mac,MAC,mac_random,7375.0,/home/cs25m115/Neural_Acc/exp1/stage7c_per_layer_energy/runs/conv1_64pe/scale_sim_output_scale_64pe_energy/action_count.yaml
conv1,64,8x8,systolic_array.PE[15].mac,MAC,mac_random,7375.0,/home/cs25m115/Neural_Acc/exp1/stage7c_per_layer_energy/runs/conv1_64pe/scale_sim_output_scale_64pe_energy/action_count.yaml
conv1,64,8x8,systolic_array.PE[16].mac,MAC,mac_random,7375.0,/home/cs25m115/Neural_Acc/exp1/stage7c_per_layer_energy/runs/conv1_64pe/scale_sim_output_scale_64pe_energy/action_count.yaml
conv1,64,8x8,systolic_array.PE[17].mac,MAC,mac_random,7375.0,/home/cs25m115/Neural_Acc/exp1/stage7c_per_layer_energy/runs/conv1_64pe/scale_sim_output_scale_64pe_energy/action_count.yaml
conv1,64,8x8,systolic_array.PE[18].mac,MAC,mac_random,7375.0,/home/cs25m115/Neural_Acc/exp1/stage7c_per_layer_energy/runs/conv1_64pe/scale_sim_output_scale_64pe_energy/action_count.yaml
conv1,64,8x8,systolic_array.PE[19].mac,MAC,mac_random,7375.0,/home/cs25m115/Neural_Acc/exp1/stage7c_per_layer_energy/runs/conv1_64pe/scale_sim_output_scale_64pe_energy/action_count.yaml
conv1,64,8x8,systolic_array.PE[20].mac,MAC,mac_random,7375.0,/home/cs25m115/Neural_Acc/exp1/stage7c_per_layer_energy/runs/conv1_64pe/scale_sim_output_scale_64pe_energy/action_count.yaml
conv1,64,8x8,systolic_array.PE[21].mac,MAC,mac_random,7375.0,/home/cs25m115/Neural_Acc/exp1/stage7c_per_layer_energy/runs/conv1_64pe/scale_sim_output_scale_64pe_energy/action_count.yaml
conv1,64,8x8,systolic_array.PE[22].mac,MAC,mac_random,7375.0,/home/cs25m115/Neural_Acc/exp1/stage7c_per_layer_energy/runs/conv1_64pe/scale_sim_output_scale_64pe_energy/action_count.yaml
conv1,64,8x8,systolic_array.PE[23].mac,MAC,mac_random,7375.0,/home/cs25m115/Neural_Acc/exp1/stage7c_per_layer_energy/runs/conv1_64pe/scale_sim_output_scale_64pe_energy/action_count.yaml
conv1,64,8x8,systolic_array.PE[24].mac,MAC,mac_random,7375.0,/home/cs25m115/Neural_Acc/exp1/stage7c_per_layer_energy/runs/conv1_64pe/scale_sim_output_scale_64pe_energy/action_count.yaml
conv1,64,8x8,systolic_array.PE[25].mac,MAC,mac_random,7375.0,/home/cs25m115/Neural_Acc/exp1/stage7c_per_layer_energy/runs/conv1_64pe/scale_sim_output_scale_64pe_energy/action_count.yaml
conv1,64,8x8,systolic_array.PE[26].mac,MAC,mac_random,7375.0,/home/cs25m115/Neural_Acc/exp1/stage7c_per_layer_energy/runs/conv1_64pe/scale_sim_output_scale_64pe_energy/action_count.yaml
conv1,64,8x8,systolic_array.PE[27].mac,MAC,mac_random,7375.0,/home/cs25m115/Neural_Acc/exp1/stage7c_per_layer_energy/runs/conv1_64pe/scale_sim_output_scale_64pe_energy/action_count.yaml
conv1,64,8x8,systolic_array.PE[28].mac,MAC,mac_random,7375.0,/home/cs25m115/Neural_Acc/exp1/stage7c_per_layer_energy/runs/conv1_64pe/scale_sim_output_scale_64pe_energy/action_count.yaml
conv1,64,8x8,systolic_array.PE[29].mac,MAC,mac_random,7375.0,/home/cs25m115/Neural_Acc/exp1/stage7c_per_layer_energy/runs/conv1_64pe/scale_sim_output_scale_64pe_energy/action_count.yaml
conv1,64,8x8,systolic_array.PE[30].mac,MAC,mac_random,7375.0,/home/cs25m115/Neural_Acc/exp1/stage7c_per_layer_energy/runs/conv1_64pe/scale_sim_output_scale_64pe_energy/action_count.yaml
conv1,64,8x8,systolic_array.PE[31].mac,MAC,mac_random,7375.0,/home/cs25m115/Neural_Acc/exp1/stage7c_per_layer_energy/runs/conv1_64pe/scale_sim_output_scale_64pe_energy/action_count.yaml
conv1,64,8x8,systolic_array.PE[32].mac,MAC,mac_random,7375.0,/home/cs25m115/Neural_Acc/exp1/stage7c_per_layer_energy/runs/conv1_64pe/scale_sim_output_scale_64pe_energy/action_count.yaml
conv1,64,8x8,systolic_array.PE[33].mac,MAC,mac_random,7375.0,/home/cs25m115/Neural_Acc/exp1/stage7c_per_layer_energy/runs/conv1_64pe/scale_sim_output_scale_64pe_energy/action_count.yaml
conv1,64,8x8,systolic_array.PE[34].mac,MAC,mac_random,7375.0,/home/cs25m115/Neural_Acc/exp1/stage7c_per_layer_energy/runs/conv1_64pe/scale_sim_output_scale_64pe_energy/action_count.yaml
conv1,64,8x8,systolic_array.PE[35].mac,MAC,mac_random,7375.0,/home/cs25m115/Neural_Acc/exp1/stage7c_per_layer_energy/runs/conv1_64pe/scale_sim_output_scale_64pe_energy/action_count.yaml
conv1,64,8x8,systolic_array.PE[36].mac,MAC,mac_random,7375.0,/home/cs25m115/Neural_Acc/exp1/stage7c_per_layer_energy/runs/conv1_64pe/scale_sim_output_scale_64pe_energy/action_count.yaml
conv1,64,8x8,systolic_array.PE[37].mac,MAC,mac_random,7375.0,/home/cs25m115/Neural_Acc/exp1/stage7c_per_layer_energy/runs/conv1_64pe/scale_sim_output_scale_64pe_energy/action_count.yaml
conv1,64,8x8,systolic_array.PE[38].mac,MAC,mac_random,7375.0,/home/cs25m115/Neural_Acc/exp1/stage7c_per_layer_energy/runs/conv1_64pe/scale_sim_output_scale_64pe_energy/action_count.yaml
conv1,64,8x8,systolic_array.PE[39].mac,MAC,mac_random,7375.0,/home/cs25m115/Neural_Acc/exp1/stage7c_per_layer_energy/runs/conv1_64pe/scale_sim_output_scale_64pe_energy/action_count.yaml
conv1,64,8x8,systolic_array.PE[40].mac,MAC,mac_random,7375.0,/home/cs25m115/Neural_Acc/exp1/stage7c_per_layer_energy/runs/conv1_64pe/scale_sim_output_scale_64pe_energy/action_count.yaml
conv1,64,8x8,systolic_array.PE[41].mac,MAC,mac_random,7375.0,/home/cs25m115/Neural_Acc/exp1/stage7c_per_layer_energy/runs/conv1_64pe/scale_sim_output_scale_64pe_energy/action_count.yaml
conv1,64,8x8,systolic_array.PE[42].mac,MAC,mac_random,7375.0,/home/cs25m115/Neural_Acc/exp1/stage7c_per_layer_energy/runs/conv1_64pe/scale_sim_output_scale_64pe_energy/action_count.yaml
conv1,64,8x8,systolic_array.PE[43].mac,MAC,mac_random,7375.0,/home/cs25m115/Neural_Acc/exp1/stage7c_per_layer_energy/runs/conv1_64pe/scale_sim_output_scale_64pe_energy/action_count.yaml
conv1,64,8x8,systolic_array.PE[44].mac,MAC,mac_random,7375.0,/home/cs25m115/Neural_Acc/exp1/stage7c_per_layer_energy/runs/conv1_64pe/scale_sim_output_scale_64pe_energy/action_count.yaml
conv1,64,8x8,systolic_array.PE[45].mac,MAC,mac_random,7375.0,/home/cs25m115/Neural_Acc/exp1/stage7c_per_layer_energy/runs/conv1_64pe/scale_sim_output_scale_64pe_energy/action_count.yaml
conv1,64,8x8,systolic_array.PE[46].mac,MAC,mac_random,7375.0,/home/cs25m115/Neural_Acc/exp1/stage7c_per_layer_energy/runs/conv1_64pe/scale_sim_output_scale_64pe_energy/action_count.yaml
conv1,64,8x8,systolic_array.PE[47].mac,MAC,mac_random,7375.0,/home/cs25m115/Neural_Acc/exp1/stage7c_per_layer_energy/runs/conv1_64pe/scale_sim_output_scale_64pe_energy/action_count.yaml
conv1,64,8x8,systolic_array.PE[48].mac,MAC,mac_random,7375.0,/home/cs25m115/Neural_Acc/exp1/stage7c_per_layer_energy/runs/conv1_64pe/scale_sim_output_scale_64pe_energy/action_count.yaml
conv1,64,8x8,systolic_array.PE[49].mac,MAC,mac_random,7375.0,/home/cs25m115/Neural_Acc/exp1/stage7c_per_layer_energy/runs/conv1_64pe/scale_sim_output_scale_64pe_energy/action_count.yaml
conv1,64,8x8,systolic_array.PE[50].mac,MAC,mac_random,7375.0,/home/cs25m115/Neural_Acc/exp1/stage7c_per_layer_energy/runs/conv1_64pe/scale_sim_output_scale_64pe_energy/action_count.yaml
conv1,64,8x8,systolic_array.PE[51].mac,MAC,mac_random,7375.0,/home/cs25m115/Neural_Acc/exp1/stage7c_per_layer_energy/runs/conv1_64pe/scale_sim_output_scale_64pe_energy/action_count.yaml
conv1,64,8x8,systolic_array.PE[52].mac,MAC,mac_random,7375.0,/home/cs25m115/Neural_Acc/exp1/stage7c_per_layer_energy/runs/conv1_64pe/scale_sim_output_scale_64pe_energy/action_count.yaml
conv1,64,8x8,systolic_array.PE[53].mac,MAC,mac_random,7375.0,/home/cs25m115/Neural_Acc/exp1/stage7c_per_layer_energy/runs/conv1_64pe/scale_sim_output_scale_64pe_energy/action_count.yaml
conv1,64,8x8,systolic_array.PE[54].mac,MAC,mac_random,7375.0,/home/cs25m115/Neural_Acc/exp1/stage7c_per_layer_energy/runs/conv1_64pe/scale_sim_output_scale_64pe_energy/action_count.yaml
conv1,64,8x8,systolic_array.PE[55].mac,MAC,mac_random,7375.0,/home/cs25m115/Neural_Acc/exp1/stage7c_per_layer_energy/runs/conv1_64pe/scale_sim_output_scale_64pe_energy/action_count.yaml
conv1,64,8x8,systolic_array.PE[56].mac,MAC,mac_random,7375.0,/home/cs25m115/Neural_Acc/exp1/stage7c_per_layer_energy/runs/conv1_64pe/scale_sim_output_scale_64pe_energy/action_count.yaml
conv1,64,8x8,systolic_array.PE[57].mac,MAC,mac_random,7375.0,/home/cs25m115/Neural_Acc/exp1/stage7c_per_layer_energy/runs/conv1_64pe/scale_sim_output_scale_64pe_energy/action_count.yaml
conv1,64,8x8,systolic_array.PE[58].mac,MAC,mac_random,7375.0,/home/cs25m115/Neural_Acc/exp1/stage7c_per_layer_energy/runs/conv1_64pe/scale_sim_output_scale_64pe_energy/action_count.yaml
conv1,64,8x8,systolic_array.PE[59].mac,MAC,mac_random,7375.0,/home/cs25m115/Neural_Acc/exp1/stage7c_per_layer_energy/runs/conv1_64pe/scale_sim_output_scale_64pe_energy/action_count.yaml
conv1,64,8x8,systolic_array.PE[60].mac,MAC,mac_random,7375.0,/home/cs25m115/Neural_Acc/exp1/stage7c_per_layer_energy/runs/conv1_64pe/scale_sim_output_scale_64pe_energy/action_count.yaml
conv1,64,8x8,systolic_array.PE[61].mac,MAC,mac_random,7375.0,/home/cs25m115/Neural_Acc/exp1/stage7c_per_layer_energy/runs/conv1_64pe/scale_sim_output_scale_64pe_energy/action_count.yaml
conv1,64,8x8,systolic_array.PE[62].mac,MAC,mac_random,7375.0,/home/cs25m115/Neural_Acc/exp1/stage7c_per_layer_energy/runs/conv1_64pe/scale_sim_output_scale_64pe_energy/action_count.yaml
conv1,64,8x8,systolic_array.PE[63].mac,MAC,mac_random,7375.0,/home/cs25m115/Neural_Acc/exp1/stage7c_per_layer_energy/runs/conv1_64pe/scale_sim_output_scale_64pe_energy/action_count.yaml
conv2,16,4x4,systolic_array.ifmap_dram,DRAM,read,4096.0,/home/cs25m115/Neural_Acc/exp1/stage7c_per_layer_energy/runs/conv2_16pe/scale_sim_output_scale_16pe_energy/action_count.yaml
conv2,16,4x4,systolic_array.ifmap_dram,DRAM,idle,-3178.0,/home/cs25m115/Neural_Acc/exp1/stage7c_per_layer_energy/runs/conv2_16pe/scale_sim_output_scale_16pe_energy/action_count.yaml
conv2,16,4x4,systolic_array.weights_dram,DRAM,read,4608.0,/home/cs25m115/Neural_Acc/exp1/stage7c_per_layer_energy/runs/conv2_16pe/scale_sim_output_scale_16pe_energy/action_count.yaml
conv2,16,4x4,systolic_array.weights_dram,DRAM,idle,-3560.0,/home/cs25m115/Neural_Acc/exp1/stage7c_per_layer_energy/runs/conv2_16pe/scale_sim_output_scale_16pe_energy/action_count.yaml
conv2,16,4x4,systolic_array.psum_dram,DRAM,write,225795.0,/home/cs25m115/Neural_Acc/exp1/stage7c_per_layer_energy/runs/conv2_16pe/scale_sim_output_scale_16pe_energy/action_count.yaml
conv2,16,4x4,systolic_array.psum_dram,DRAM,idle,-109767.0,/home/cs25m115/Neural_Acc/exp1/stage7c_per_layer_energy/runs/conv2_16pe/scale_sim_output_scale_16pe_energy/action_count.yaml
conv2,16,4x4,systolic_array.ifmap_glb,GLB_SRAM,read,90336.0,/home/cs25m115/Neural_Acc/exp1/stage7c_per_layer_energy/runs/conv2_16pe/scale_sim_output_scale_16pe_energy/action_count.yaml
conv2,16,4x4,systolic_array.ifmap_glb,GLB_SRAM,read,135456.0,/home/cs25m115/Neural_Acc/exp1/stage7c_per_layer_energy/runs/conv2_16pe/scale_sim_output_scale_16pe_energy/action_count.yaml
conv2,16,4x4,systolic_array.ifmap_glb,GLB_SRAM,idle,11492.0,/home/cs25m115/Neural_Acc/exp1/stage7c_per_layer_energy/runs/conv2_16pe/scale_sim_output_scale_16pe_energy/action_count.yaml
conv2,16,4x4,systolic_array.weights_glb,GLB_SRAM,read,1843.0,/home/cs25m115/Neural_Acc/exp1/stage7c_per_layer_energy/runs/conv2_16pe/scale_sim_output_scale_16pe_energy/action_count.yaml
conv2,16,4x4,systolic_array.weights_glb,GLB_SRAM,read,2765.0,/home/cs25m115/Neural_Acc/exp1/stage7c_per_layer_energy/runs/conv2_16pe/scale_sim_output_scale_16pe_energy/action_count.yaml
conv2,16,4x4,systolic_array.weights_glb,GLB_SRAM,idle,231896.0,/home/cs25m115/Neural_Acc/exp1/stage7c_per_layer_energy/runs/conv2_16pe/scale_sim_output_scale_16pe_energy/action_count.yaml
conv2,16,4x4,systolic_array.psum_glb,GLB_SRAM,update,90336.0,/home/cs25m115/Neural_Acc/exp1/stage7c_per_layer_energy/runs/conv2_16pe/scale_sim_output_scale_16pe_energy/action_count.yaml
conv2,16,4x4,systolic_array.psum_glb,GLB_SRAM,update,135456.0,/home/cs25m115/Neural_Acc/exp1/stage7c_per_layer_energy/runs/conv2_16pe/scale_sim_output_scale_16pe_energy/action_count.yaml
conv2,16,4x4,systolic_array.psum_glb,GLB_SRAM,idle,11492.0,/home/cs25m115/Neural_Acc/exp1/stage7c_per_layer_energy/runs/conv2_16pe/scale_sim_output_scale_16pe_energy/action_count.yaml
conv2,16,4x4,systolic_array.PE[0].weights_spad,PE_SPAD,write,720.0,/home/cs25m115/Neural_Acc/exp1/stage7c_per_layer_energy/runs/conv2_16pe/scale_sim_output_scale_16pe_energy/action_count.yaml
conv2,16,4x4,systolic_array.PE[0].weights_spad,PE_SPAD,read,56880.0,/home/cs25m115/Neural_Acc/exp1/stage7c_per_layer_energy/runs/conv2_16pe/scale_sim_output_scale_16pe_energy/action_count.yaml
conv2,16,4x4,systolic_array.PE[1].weights_spad,PE_SPAD,write,720.0,/home/cs25m115/Neural_Acc/exp1/stage7c_per_layer_energy/runs/conv2_16pe/scale_sim_output_scale_16pe_energy/action_count.yaml
conv2,16,4x4,systolic_array.PE[1].weights_spad,PE_SPAD,read,56880.0,/home/cs25m115/Neural_Acc/exp1/stage7c_per_layer_energy/runs/conv2_16pe/scale_sim_output_scale_16pe_energy/action_count.yaml
conv2,16,4x4,systolic_array.PE[2].weights_spad,PE_SPAD,write,720.0,/home/cs25m115/Neural_Acc/exp1/stage7c_per_layer_energy/runs/conv2_16pe/scale_sim_output_scale_16pe_energy/action_count.yaml
conv2,16,4x4,systolic_array.PE[2].weights_spad,PE_SPAD,read,56880.0,/home/cs25m115/Neural_Acc/exp1/stage7c_per_layer_energy/runs/conv2_16pe/scale_sim_output_scale_16pe_energy/action_count.yaml
conv2,16,4x4,systolic_array.PE[3].weights_spad,PE_SPAD,write,720.0,/home/cs25m115/Neural_Acc/exp1/stage7c_per_layer_energy/runs/conv2_16pe/scale_sim_output_scale_16pe_energy/action_count.yaml
conv2,16,4x4,systolic_array.PE[3].weights_spad,PE_SPAD,read,56880.0,/home/cs25m115/Neural_Acc/exp1/stage7c_per_layer_energy/runs/conv2_16pe/scale_sim_output_scale_16pe_energy/action_count.yaml
conv2,16,4x4,systolic_array.PE[4].weights_spad,PE_SPAD,write,720.0,/home/cs25m115/Neural_Acc/exp1/stage7c_per_layer_energy/runs/conv2_16pe/scale_sim_output_scale_16pe_energy/action_count.yaml
conv2,16,4x4,systolic_array.PE[4].weights_spad,PE_SPAD,read,56880.0,/home/cs25m115/Neural_Acc/exp1/stage7c_per_layer_energy/runs/conv2_16pe/scale_sim_output_scale_16pe_energy/action_count.yaml
conv2,16,4x4,systolic_array.PE[5].weights_spad,PE_SPAD,write,720.0,/home/cs25m115/Neural_Acc/exp1/stage7c_per_layer_energy/runs/conv2_16pe/scale_sim_output_scale_16pe_energy/action_count.yaml
conv2,16,4x4,systolic_array.PE[5].weights_spad,PE_SPAD,read,56880.0,/home/cs25m115/Neural_Acc/exp1/stage7c_per_layer_energy/runs/conv2_16pe/scale_sim_output_scale_16pe_energy/action_count.yaml
conv2,16,4x4,systolic_array.PE[6].weights_spad,PE_SPAD,write,720.0,/home/cs25m115/Neural_Acc/exp1/stage7c_per_layer_energy/runs/conv2_16pe/scale_sim_output_scale_16pe_energy/action_count.yaml
conv2,16,4x4,systolic_array.PE[6].weights_spad,PE_SPAD,read,56880.0,/home/cs25m115/Neural_Acc/exp1/stage7c_per_layer_energy/runs/conv2_16pe/scale_sim_output_scale_16pe_energy/action_count.yaml
conv2,16,4x4,systolic_array.PE[7].weights_spad,PE_SPAD,write,720.0,/home/cs25m115/Neural_Acc/exp1/stage7c_per_layer_energy/runs/conv2_16pe/scale_sim_output_scale_16pe_energy/action_count.yaml
conv2,16,4x4,systolic_array.PE[7].weights_spad,PE_SPAD,read,56880.0,/home/cs25m115/Neural_Acc/exp1/stage7c_per_layer_energy/runs/conv2_16pe/scale_sim_output_scale_16pe_energy/action_count.yaml
conv2,16,4x4,systolic_array.PE[8].weights_spad,PE_SPAD,write,720.0,/home/cs25m115/Neural_Acc/exp1/stage7c_per_layer_energy/runs/conv2_16pe/scale_sim_output_scale_16pe_energy/action_count.yaml
conv2,16,4x4,systolic_array.PE[8].weights_spad,PE_SPAD,read,56880.0,/home/cs25m115/Neural_Acc/exp1/stage7c_per_layer_energy/runs/conv2_16pe/scale_sim_output_scale_16pe_energy/action_count.yaml
conv2,16,4x4,systolic_array.PE[9].weights_spad,PE_SPAD,write,720.0,/home/cs25m115/Neural_Acc/exp1/stage7c_per_layer_energy/runs/conv2_16pe/scale_sim_output_scale_16pe_energy/action_count.yaml
conv2,16,4x4,systolic_array.PE[9].weights_spad,PE_SPAD,read,56880.0,/home/cs25m115/Neural_Acc/exp1/stage7c_per_layer_energy/runs/conv2_16pe/scale_sim_output_scale_16pe_energy/action_count.yaml
conv2,16,4x4,systolic_array.PE[10].weights_spad,PE_SPAD,write,720.0,/home/cs25m115/Neural_Acc/exp1/stage7c_per_layer_energy/runs/conv2_16pe/scale_sim_output_scale_16pe_energy/action_count.yaml
conv2,16,4x4,systolic_array.PE[10].weights_spad,PE_SPAD,read,56880.0,/home/cs25m115/Neural_Acc/exp1/stage7c_per_layer_energy/runs/conv2_16pe/scale_sim_output_scale_16pe_energy/action_count.yaml
conv2,16,4x4,systolic_array.PE[11].weights_spad,PE_SPAD,write,720.0,/home/cs25m115/Neural_Acc/exp1/stage7c_per_layer_energy/runs/conv2_16pe/scale_sim_output_scale_16pe_energy/action_count.yaml
conv2,16,4x4,systolic_array.PE[11].weights_spad,PE_SPAD,read,56880.0,/home/cs25m115/Neural_Acc/exp1/stage7c_per_layer_energy/runs/conv2_16pe/scale_sim_output_scale_16pe_energy/action_count.yaml
conv2,16,4x4,systolic_array.PE[12].weights_spad,PE_SPAD,write,720.0,/home/cs25m115/Neural_Acc/exp1/stage7c_per_layer_energy/runs/conv2_16pe/scale_sim_output_scale_16pe_energy/action_count.yaml
conv2,16,4x4,systolic_array.PE[12].weights_spad,PE_SPAD,read,56880.0,/home/cs25m115/Neural_Acc/exp1/stage7c_per_layer_energy/runs/conv2_16pe/scale_sim_output_scale_16pe_energy/action_count.yaml
conv2,16,4x4,systolic_array.PE[13].weights_spad,PE_SPAD,write,720.0,/home/cs25m115/Neural_Acc/exp1/stage7c_per_layer_energy/runs/conv2_16pe/scale_sim_output_scale_16pe_energy/action_count.yaml
conv2,16,4x4,systolic_array.PE[13].weights_spad,PE_SPAD,read,56880.0,/home/cs25m115/Neural_Acc/exp1/stage7c_per_layer_energy/runs/conv2_16pe/scale_sim_output_scale_16pe_energy/action_count.yaml
conv2,16,4x4,systolic_array.PE[14].weights_spad,PE_SPAD,write,720.0,/home/cs25m115/Neural_Acc/exp1/stage7c_per_layer_energy/runs/conv2_16pe/scale_sim_output_scale_16pe_energy/action_count.yaml
conv2,16,4x4,systolic_array.PE[14].weights_spad,PE_SPAD,read,56880.0,/home/cs25m115/Neural_Acc/exp1/stage7c_per_layer_energy/runs/conv2_16pe/scale_sim_output_scale_16pe_energy/action_count.yaml
conv2,16,4x4,systolic_array.PE[15].weights_spad,PE_SPAD,write,720.0,/home/cs25m115/Neural_Acc/exp1/stage7c_per_layer_energy/runs/conv2_16pe/scale_sim_output_scale_16pe_energy/action_count.yaml
conv2,16,4x4,systolic_array.PE[15].weights_spad,PE_SPAD,read,56880.0,/home/cs25m115/Neural_Acc/exp1/stage7c_per_layer_energy/runs/conv2_16pe/scale_sim_output_scale_16pe_energy/action_count.yaml
conv2,16,4x4,systolic_array.PE[0].ifmap_spad,PE_SPAD,write,56448.0,/home/cs25m115/Neural_Acc/exp1/stage7c_per_layer_energy/runs/conv2_16pe/scale_sim_output_scale_16pe_energy/action_count.yaml
conv2,16,4x4,systolic_array.PE[0].ifmap_spad,PE_SPAD,read,98784.0,/home/cs25m115/Neural_Acc/exp1/stage7c_per_layer_energy/runs/conv2_16pe/scale_sim_output_scale_16pe_energy/action_count.yaml
conv2,16,4x4,systolic_array.PE[1].ifmap_spad,PE_SPAD,write,56448.0,/home/cs25m115/Neural_Acc/exp1/stage7c_per_layer_energy/runs/conv2_16pe/scale_sim_output_scale_16pe_energy/action_count.yaml
conv2,16,4x4,systolic_array.PE[1].ifmap_spad,PE_SPAD,read,98784.0,/home/cs25m115/Neural_Acc/exp1/stage7c_per_layer_energy/runs/conv2_16pe/scale_sim_output_scale_16pe_energy/action_count.yaml
conv2,16,4x4,systolic_array.PE[2].ifmap_spad,PE_SPAD,write,56448.0,/home/cs25m115/Neural_Acc/exp1/stage7c_per_layer_energy/runs/conv2_16pe/scale_sim_output_scale_16pe_energy/action_count.yaml
conv2,16,4x4,systolic_array.PE[2].ifmap_spad,PE_SPAD,read,98784.0,/home/cs25m115/Neural_Acc/exp1/stage7c_per_layer_energy/runs/conv2_16pe/scale_sim_output_scale_16pe_energy/action_count.yaml
conv2,16,4x4,systolic_array.PE[3].ifmap_spad,PE_SPAD,write,56448.0,/home/cs25m115/Neural_Acc/exp1/stage7c_per_layer_energy/runs/conv2_16pe/scale_sim_output_scale_16pe_energy/action_count.yaml
conv2,16,4x4,systolic_array.PE[3].ifmap_spad,PE_SPAD,read,98784.0,/home/cs25m115/Neural_Acc/exp1/stage7c_per_layer_energy/runs/conv2_16pe/scale_sim_output_scale_16pe_energy/action_count.yaml
conv2,16,4x4,systolic_array.PE[4].ifmap_spad,PE_SPAD,write,56448.0,/home/cs25m115/Neural_Acc/exp1/stage7c_per_layer_energy/runs/conv2_16pe/scale_sim_output_scale_16pe_energy/action_count.yaml
conv2,16,4x4,systolic_array.PE[4].ifmap_spad,PE_SPAD,read,98784.0,/home/cs25m115/Neural_Acc/exp1/stage7c_per_layer_energy/runs/conv2_16pe/scale_sim_output_scale_16pe_energy/action_count.yaml
conv2,16,4x4,systolic_array.PE[5].ifmap_spad,PE_SPAD,write,56448.0,/home/cs25m115/Neural_Acc/exp1/stage7c_per_layer_energy/runs/conv2_16pe/scale_sim_output_scale_16pe_energy/action_count.yaml
conv2,16,4x4,systolic_array.PE[5].ifmap_spad,PE_SPAD,read,98784.0,/home/cs25m115/Neural_Acc/exp1/stage7c_per_layer_energy/runs/conv2_16pe/scale_sim_output_scale_16pe_energy/action_count.yaml
conv2,16,4x4,systolic_array.PE[6].ifmap_spad,PE_SPAD,write,56448.0,/home/cs25m115/Neural_Acc/exp1/stage7c_per_layer_energy/runs/conv2_16pe/scale_sim_output_scale_16pe_energy/action_count.yaml
conv2,16,4x4,systolic_array.PE[6].ifmap_spad,PE_SPAD,read,98784.0,/home/cs25m115/Neural_Acc/exp1/stage7c_per_layer_energy/runs/conv2_16pe/scale_sim_output_scale_16pe_energy/action_count.yaml
conv2,16,4x4,systolic_array.PE[7].ifmap_spad,PE_SPAD,write,56448.0,/home/cs25m115/Neural_Acc/exp1/stage7c_per_layer_energy/runs/conv2_16pe/scale_sim_output_scale_16pe_energy/action_count.yaml
conv2,16,4x4,systolic_array.PE[7].ifmap_spad,PE_SPAD,read,98784.0,/home/cs25m115/Neural_Acc/exp1/stage7c_per_layer_energy/runs/conv2_16pe/scale_sim_output_scale_16pe_energy/action_count.yaml
conv2,16,4x4,systolic_array.PE[8].ifmap_spad,PE_SPAD,write,56448.0,/home/cs25m115/Neural_Acc/exp1/stage7c_per_layer_energy/runs/conv2_16pe/scale_sim_output_scale_16pe_energy/action_count.yaml
conv2,16,4x4,systolic_array.PE[8].ifmap_spad,PE_SPAD,read,98784.0,/home/cs25m115/Neural_Acc/exp1/stage7c_per_layer_energy/runs/conv2_16pe/scale_sim_output_scale_16pe_energy/action_count.yaml
conv2,16,4x4,systolic_array.PE[9].ifmap_spad,PE_SPAD,write,56448.0,/home/cs25m115/Neural_Acc/exp1/stage7c_per_layer_energy/runs/conv2_16pe/scale_sim_output_scale_16pe_energy/action_count.yaml
conv2,16,4x4,systolic_array.PE[9].ifmap_spad,PE_SPAD,read,98784.0,/home/cs25m115/Neural_Acc/exp1/stage7c_per_layer_energy/runs/conv2_16pe/scale_sim_output_scale_16pe_energy/action_count.yaml
conv2,16,4x4,systolic_array.PE[10].ifmap_spad,PE_SPAD,write,56448.0,/home/cs25m115/Neural_Acc/exp1/stage7c_per_layer_energy/runs/conv2_16pe/scale_sim_output_scale_16pe_energy/action_count.yaml
conv2,16,4x4,systolic_array.PE[10].ifmap_spad,PE_SPAD,read,98784.0,/home/cs25m115/Neural_Acc/exp1/stage7c_per_layer_energy/runs/conv2_16pe/scale_sim_output_scale_16pe_energy/action_count.yaml
conv2,16,4x4,systolic_array.PE[11].ifmap_spad,PE_SPAD,write,56448.0,/home/cs25m115/Neural_Acc/exp1/stage7c_per_layer_energy/runs/conv2_16pe/scale_sim_output_scale_16pe_energy/action_count.yaml
conv2,16,4x4,systolic_array.PE[11].ifmap_spad,PE_SPAD,read,98784.0,/home/cs25m115/Neural_Acc/exp1/stage7c_per_layer_energy/runs/conv2_16pe/scale_sim_output_scale_16pe_energy/action_count.yaml
conv2,16,4x4,systolic_array.PE[12].ifmap_spad,PE_SPAD,write,56448.0,/home/cs25m115/Neural_Acc/exp1/stage7c_per_layer_energy/runs/conv2_16pe/scale_sim_output_scale_16pe_energy/action_count.yaml
conv2,16,4x4,systolic_array.PE[12].ifmap_spad,PE_SPAD,read,98784.0,/home/cs25m115/Neural_Acc/exp1/stage7c_per_layer_energy/runs/conv2_16pe/scale_sim_output_scale_16pe_energy/action_count.yaml
conv2,16,4x4,systolic_array.PE[13].ifmap_spad,PE_SPAD,write,56448.0,/home/cs25m115/Neural_Acc/exp1/stage7c_per_layer_energy/runs/conv2_16pe/scale_sim_output_scale_16pe_energy/action_count.yaml
conv2,16,4x4,systolic_array.PE[13].ifmap_spad,PE_SPAD,read,98784.0,/home/cs25m115/Neural_Acc/exp1/stage7c_per_layer_energy/runs/conv2_16pe/scale_sim_output_scale_16pe_energy/action_count.yaml
conv2,16,4x4,systolic_array.PE[14].ifmap_spad,PE_SPAD,write,56448.0,/home/cs25m115/Neural_Acc/exp1/stage7c_per_layer_energy/runs/conv2_16pe/scale_sim_output_scale_16pe_energy/action_count.yaml
conv2,16,4x4,systolic_array.PE[14].ifmap_spad,PE_SPAD,read,98784.0,/home/cs25m115/Neural_Acc/exp1/stage7c_per_layer_energy/runs/conv2_16pe/scale_sim_output_scale_16pe_energy/action_count.yaml
conv2,16,4x4,systolic_array.PE[15].ifmap_spad,PE_SPAD,write,56448.0,/home/cs25m115/Neural_Acc/exp1/stage7c_per_layer_energy/runs/conv2_16pe/scale_sim_output_scale_16pe_energy/action_count.yaml
conv2,16,4x4,systolic_array.PE[15].ifmap_spad,PE_SPAD,read,98784.0,/home/cs25m115/Neural_Acc/exp1/stage7c_per_layer_energy/runs/conv2_16pe/scale_sim_output_scale_16pe_energy/action_count.yaml
conv2,16,4x4,systolic_array.PE[0].psum_spad,PE_SPAD,write,56448.0,/home/cs25m115/Neural_Acc/exp1/stage7c_per_layer_energy/runs/conv2_16pe/scale_sim_output_scale_16pe_energy/action_count.yaml
conv2,16,4x4,systolic_array.PE[0].psum_spad,PE_SPAD,read,42336.0,/home/cs25m115/Neural_Acc/exp1/stage7c_per_layer_energy/runs/conv2_16pe/scale_sim_output_scale_16pe_energy/action_count.yaml
conv2,16,4x4,systolic_array.PE[1].psum_spad,PE_SPAD,write,56448.0,/home/cs25m115/Neural_Acc/exp1/stage7c_per_layer_energy/runs/conv2_16pe/scale_sim_output_scale_16pe_energy/action_count.yaml
conv2,16,4x4,systolic_array.PE[1].psum_spad,PE_SPAD,read,42336.0,/home/cs25m115/Neural_Acc/exp1/stage7c_per_layer_energy/runs/conv2_16pe/scale_sim_output_scale_16pe_energy/action_count.yaml
conv2,16,4x4,systolic_array.PE[2].psum_spad,PE_SPAD,write,56448.0,/home/cs25m115/Neural_Acc/exp1/stage7c_per_layer_energy/runs/conv2_16pe/scale_sim_output_scale_16pe_energy/action_count.yaml
conv2,16,4x4,systolic_array.PE[2].psum_spad,PE_SPAD,read,42336.0,/home/cs25m115/Neural_Acc/exp1/stage7c_per_layer_energy/runs/conv2_16pe/scale_sim_output_scale_16pe_energy/action_count.yaml
conv2,16,4x4,systolic_array.PE[3].psum_spad,PE_SPAD,write,56448.0,/home/cs25m115/Neural_Acc/exp1/stage7c_per_layer_energy/runs/conv2_16pe/scale_sim_output_scale_16pe_energy/action_count.yaml
conv2,16,4x4,systolic_array.PE[3].psum_spad,PE_SPAD,read,42336.0,/home/cs25m115/Neural_Acc/exp1/stage7c_per_layer_energy/runs/conv2_16pe/scale_sim_output_scale_16pe_energy/action_count.yaml
conv2,16,4x4,systolic_array.PE[4].psum_spad,PE_SPAD,write,56448.0,/home/cs25m115/Neural_Acc/exp1/stage7c_per_layer_energy/runs/conv2_16pe/scale_sim_output_scale_16pe_energy/action_count.yaml
conv2,16,4x4,systolic_array.PE[4].psum_spad,PE_SPAD,read,42336.0,/home/cs25m115/Neural_Acc/exp1/stage7c_per_layer_energy/runs/conv2_16pe/scale_sim_output_scale_16pe_energy/action_count.yaml
conv2,16,4x4,systolic_array.PE[5].psum_spad,PE_SPAD,write,56448.0,/home/cs25m115/Neural_Acc/exp1/stage7c_per_layer_energy/runs/conv2_16pe/scale_sim_output_scale_16pe_energy/action_count.yaml
conv2,16,4x4,systolic_array.PE[5].psum_spad,PE_SPAD,read,42336.0,/home/cs25m115/Neural_Acc/exp1/stage7c_per_layer_energy/runs/conv2_16pe/scale_sim_output_scale_16pe_energy/action_count.yaml
conv2,16,4x4,systolic_array.PE[6].psum_spad,PE_SPAD,write,56448.0,/home/cs25m115/Neural_Acc/exp1/stage7c_per_layer_energy/runs/conv2_16pe/scale_sim_output_scale_16pe_energy/action_count.yaml
conv2,16,4x4,systolic_array.PE[6].psum_spad,PE_SPAD,read,42336.0,/home/cs25m115/Neural_Acc/exp1/stage7c_per_layer_energy/runs/conv2_16pe/scale_sim_output_scale_16pe_energy/action_count.yaml
conv2,16,4x4,systolic_array.PE[7].psum_spad,PE_SPAD,write,56448.0,/home/cs25m115/Neural_Acc/exp1/stage7c_per_layer_energy/runs/conv2_16pe/scale_sim_output_scale_16pe_energy/action_count.yaml
conv2,16,4x4,systolic_array.PE[7].psum_spad,PE_SPAD,read,42336.0,/home/cs25m115/Neural_Acc/exp1/stage7c_per_layer_energy/runs/conv2_16pe/scale_sim_output_scale_16pe_energy/action_count.yaml
conv2,16,4x4,systolic_array.PE[8].psum_spad,PE_SPAD,write,56448.0,/home/cs25m115/Neural_Acc/exp1/stage7c_per_layer_energy/runs/conv2_16pe/scale_sim_output_scale_16pe_energy/action_count.yaml
conv2,16,4x4,systolic_array.PE[8].psum_spad,PE_SPAD,read,42336.0,/home/cs25m115/Neural_Acc/exp1/stage7c_per_layer_energy/runs/conv2_16pe/scale_sim_output_scale_16pe_energy/action_count.yaml
conv2,16,4x4,systolic_array.PE[9].psum_spad,PE_SPAD,write,56448.0,/home/cs25m115/Neural_Acc/exp1/stage7c_per_layer_energy/runs/conv2_16pe/scale_sim_output_scale_16pe_energy/action_count.yaml
conv2,16,4x4,systolic_array.PE[9].psum_spad,PE_SPAD,read,42336.0,/home/cs25m115/Neural_Acc/exp1/stage7c_per_layer_energy/runs/conv2_16pe/scale_sim_output_scale_16pe_energy/action_count.yaml
conv2,16,4x4,systolic_array.PE[10].psum_spad,PE_SPAD,write,56448.0,/home/cs25m115/Neural_Acc/exp1/stage7c_per_layer_energy/runs/conv2_16pe/scale_sim_output_scale_16pe_energy/action_count.yaml
conv2,16,4x4,systolic_array.PE[10].psum_spad,PE_SPAD,read,42336.0,/home/cs25m115/Neural_Acc/exp1/stage7c_per_layer_energy/runs/conv2_16pe/scale_sim_output_scale_16pe_energy/action_count.yaml
conv2,16,4x4,systolic_array.PE[11].psum_spad,PE_SPAD,write,56448.0,/home/cs25m115/Neural_Acc/exp1/stage7c_per_layer_energy/runs/conv2_16pe/scale_sim_output_scale_16pe_energy/action_count.yaml
conv2,16,4x4,systolic_array.PE[11].psum_spad,PE_SPAD,read,42336.0,/home/cs25m115/Neural_Acc/exp1/stage7c_per_layer_energy/runs/conv2_16pe/scale_sim_output_scale_16pe_energy/action_count.yaml
conv2,16,4x4,systolic_array.PE[12].psum_spad,PE_SPAD,write,56448.0,/home/cs25m115/Neural_Acc/exp1/stage7c_per_layer_energy/runs/conv2_16pe/scale_sim_output_scale_16pe_energy/action_count.yaml
conv2,16,4x4,systolic_array.PE[12].psum_spad,PE_SPAD,read,42336.0,/home/cs25m115/Neural_Acc/exp1/stage7c_per_layer_energy/runs/conv2_16pe/scale_sim_output_scale_16pe_energy/action_count.yaml
conv2,16,4x4,systolic_array.PE[13].psum_spad,PE_SPAD,write,56448.0,/home/cs25m115/Neural_Acc/exp1/stage7c_per_layer_energy/runs/conv2_16pe/scale_sim_output_scale_16pe_energy/action_count.yaml
conv2,16,4x4,systolic_array.PE[13].psum_spad,PE_SPAD,read,42336.0,/home/cs25m115/Neural_Acc/exp1/stage7c_per_layer_energy/runs/conv2_16pe/scale_sim_output_scale_16pe_energy/action_count.yaml
conv2,16,4x4,systolic_array.PE[14].psum_spad,PE_SPAD,write,56448.0,/home/cs25m115/Neural_Acc/exp1/stage7c_per_layer_energy/runs/conv2_16pe/scale_sim_output_scale_16pe_energy/action_count.yaml
conv2,16,4x4,systolic_array.PE[14].psum_spad,PE_SPAD,read,42336.0,/home/cs25m115/Neural_Acc/exp1/stage7c_per_layer_energy/runs/conv2_16pe/scale_sim_output_scale_16pe_energy/action_count.yaml
conv2,16,4x4,systolic_array.PE[15].psum_spad,PE_SPAD,write,56448.0,/home/cs25m115/Neural_Acc/exp1/stage7c_per_layer_energy/runs/conv2_16pe/scale_sim_output_scale_16pe_energy/action_count.yaml
conv2,16,4x4,systolic_array.PE[15].psum_spad,PE_SPAD,read,42336.0,/home/cs25m115/Neural_Acc/exp1/stage7c_per_layer_energy/runs/conv2_16pe/scale_sim_output_scale_16pe_energy/action_count.yaml
conv2,16,4x4,systolic_array.PE[0].mac,MAC,mac_random,59327.0,/home/cs25m115/Neural_Acc/exp1/stage7c_per_layer_energy/runs/conv2_16pe/scale_sim_output_scale_16pe_energy/action_count.yaml
conv2,16,4x4,systolic_array.PE[1].mac,MAC,mac_random,59327.0,/home/cs25m115/Neural_Acc/exp1/stage7c_per_layer_energy/runs/conv2_16pe/scale_sim_output_scale_16pe_energy/action_count.yaml
conv2,16,4x4,systolic_array.PE[2].mac,MAC,mac_random,59327.0,/home/cs25m115/Neural_Acc/exp1/stage7c_per_layer_energy/runs/conv2_16pe/scale_sim_output_scale_16pe_energy/action_count.yaml
conv2,16,4x4,systolic_array.PE[3].mac,MAC,mac_random,59327.0,/home/cs25m115/Neural_Acc/exp1/stage7c_per_layer_energy/runs/conv2_16pe/scale_sim_output_scale_16pe_energy/action_count.yaml
conv2,16,4x4,systolic_array.PE[4].mac,MAC,mac_random,59327.0,/home/cs25m115/Neural_Acc/exp1/stage7c_per_layer_energy/runs/conv2_16pe/scale_sim_output_scale_16pe_energy/action_count.yaml
conv2,16,4x4,systolic_array.PE[5].mac,MAC,mac_random,59327.0,/home/cs25m115/Neural_Acc/exp1/stage7c_per_layer_energy/runs/conv2_16pe/scale_sim_output_scale_16pe_energy/action_count.yaml
conv2,16,4x4,systolic_array.PE[6].mac,MAC,mac_random,59327.0,/home/cs25m115/Neural_Acc/exp1/stage7c_per_layer_energy/runs/conv2_16pe/scale_sim_output_scale_16pe_energy/action_count.yaml
conv2,16,4x4,systolic_array.PE[7].mac,MAC,mac_random,59327.0,/home/cs25m115/Neural_Acc/exp1/stage7c_per_layer_energy/runs/conv2_16pe/scale_sim_output_scale_16pe_energy/action_count.yaml
conv2,16,4x4,systolic_array.PE[8].mac,MAC,mac_random,59327.0,/home/cs25m115/Neural_Acc/exp1/stage7c_per_layer_energy/runs/conv2_16pe/scale_sim_output_scale_16pe_energy/action_count.yaml
conv2,16,4x4,systolic_array.PE[9].mac,MAC,mac_random,59327.0,/home/cs25m115/Neural_Acc/exp1/stage7c_per_layer_energy/runs/conv2_16pe/scale_sim_output_scale_16pe_energy/action_count.yaml
conv2,16,4x4,systolic_array.PE[10].mac,MAC,mac_random,59327.0,/home/cs25m115/Neural_Acc/exp1/stage7c_per_layer_energy/runs/conv2_16pe/scale_sim_output_scale_16pe_energy/action_count.yaml
conv2,16,4x4,systolic_array.PE[11].mac,MAC,mac_random,59327.0,/home/cs25m115/Neural_Acc/exp1/stage7c_per_layer_energy/runs/conv2_16pe/scale_sim_output_scale_16pe_energy/action_count.yaml
conv2,16,4x4,systolic_array.PE[12].mac,MAC,mac_random,59327.0,/home/cs25m115/Neural_Acc/exp1/stage7c_per_layer_energy/runs/conv2_16pe/scale_sim_output_scale_16pe_energy/action_count.yaml
conv2,16,4x4,systolic_array.PE[13].mac,MAC,mac_random,59327.0,/home/cs25m115/Neural_Acc/exp1/stage7c_per_layer_energy/runs/conv2_16pe/scale_sim_output_scale_16pe_energy/action_count.yaml
conv2,16,4x4,systolic_array.PE[14].mac,MAC,mac_random,59327.0,/home/cs25m115/Neural_Acc/exp1/stage7c_per_layer_energy/runs/conv2_16pe/scale_sim_output_scale_16pe_energy/action_count.yaml
conv2,16,4x4,systolic_array.PE[15].mac,MAC,mac_random,59327.0,/home/cs25m115/Neural_Acc/exp1/stage7c_per_layer_energy/runs/conv2_16pe/scale_sim_output_scale_16pe_energy/action_count.yaml
conv2,32,4x8,systolic_array.ifmap_dram,DRAM,read,4096.0,/home/cs25m115/Neural_Acc/exp1/stage7c_per_layer_energy/runs/conv2_32pe/scale_sim_output_scale_32pe_energy/action_count.yaml
conv2,32,4x8,systolic_array.ifmap_dram,DRAM,idle,-3178.0,/home/cs25m115/Neural_Acc/exp1/stage7c_per_layer_energy/runs/conv2_32pe/scale_sim_output_scale_32pe_energy/action_count.yaml
conv2,32,4x8,systolic_array.weights_dram,DRAM,read,4608.0,/home/cs25m115/Neural_Acc/exp1/stage7c_per_layer_energy/runs/conv2_32pe/scale_sim_output_scale_32pe_energy/action_count.yaml
conv2,32,4x8,systolic_array.weights_dram,DRAM,idle,-3560.0,/home/cs25m115/Neural_Acc/exp1/stage7c_per_layer_energy/runs/conv2_32pe/scale_sim_output_scale_32pe_energy/action_count.yaml
conv2,32,4x8,systolic_array.psum_dram,DRAM,write,225799.0,/home/cs25m115/Neural_Acc/exp1/stage7c_per_layer_energy/runs/conv2_32pe/scale_sim_output_scale_32pe_energy/action_count.yaml
conv2,32,4x8,systolic_array.psum_dram,DRAM,idle,-166795.0,/home/cs25m115/Neural_Acc/exp1/stage7c_per_layer_energy/runs/conv2_32pe/scale_sim_output_scale_32pe_energy/action_count.yaml
conv2,32,4x8,systolic_array.ifmap_glb,GLB_SRAM,read,45168.0,/home/cs25m115/Neural_Acc/exp1/stage7c_per_layer_energy/runs/conv2_32pe/scale_sim_output_scale_32pe_energy/action_count.yaml
conv2,32,4x8,systolic_array.ifmap_glb,GLB_SRAM,read,67728.0,/home/cs25m115/Neural_Acc/exp1/stage7c_per_layer_energy/runs/conv2_32pe/scale_sim_output_scale_32pe_energy/action_count.yaml
conv2,32,4x8,systolic_array.ifmap_glb,GLB_SRAM,idle,8020.0,/home/cs25m115/Neural_Acc/exp1/stage7c_per_layer_energy/runs/conv2_32pe/scale_sim_output_scale_32pe_energy/action_count.yaml
conv2,32,4x8,systolic_array.weights_glb,GLB_SRAM,read,1843.0,/home/cs25m115/Neural_Acc/exp1/stage7c_per_layer_energy/runs/conv2_32pe/scale_sim_output_scale_32pe_energy/action_count.yaml
conv2,32,4x8,systolic_array.weights_glb,GLB_SRAM,read,2765.0,/home/cs25m115/Neural_Acc/exp1/stage7c_per_layer_energy/runs/conv2_32pe/scale_sim_output_scale_32pe_energy/action_count.yaml
conv2,32,4x8,systolic_array.weights_glb,GLB_SRAM,idle,235664.0,/home/cs25m115/Neural_Acc/exp1/stage7c_per_layer_energy/runs/conv2_32pe/scale_sim_output_scale_32pe_energy/action_count.yaml
conv2,32,4x8,systolic_array.psum_glb,GLB_SRAM,update,158064.0,/home/cs25m115/Neural_Acc/exp1/stage7c_per_layer_energy/runs/conv2_32pe/scale_sim_output_scale_32pe_energy/action_count.yaml
conv2,32,4x8,systolic_array.psum_glb,GLB_SRAM,update,67728.0,/home/cs25m115/Neural_Acc/exp1/stage7c_per_layer_energy/runs/conv2_32pe/scale_sim_output_scale_32pe_energy/action_count.yaml
conv2,32,4x8,systolic_array.psum_glb,GLB_SRAM,idle,16072.0,/home/cs25m115/Neural_Acc/exp1/stage7c_per_layer_energy/runs/conv2_32pe/scale_sim_output_scale_32pe_energy/action_count.yaml
conv2,32,4x8,systolic_array.PE[0].weights_spad,PE_SPAD,write,360.0,/home/cs25m115/Neural_Acc/exp1/stage7c_per_layer_energy/runs/conv2_32pe/scale_sim_output_scale_32pe_energy/action_count.yaml
conv2,32,4x8,systolic_array.PE[0].weights_spad,PE_SPAD,read,28440.0,/home/cs25m115/Neural_Acc/exp1/stage7c_per_layer_energy/runs/conv2_32pe/scale_sim_output_scale_32pe_energy/action_count.yaml
conv2,32,4x8,systolic_array.PE[1].weights_spad,PE_SPAD,write,360.0,/home/cs25m115/Neural_Acc/exp1/stage7c_per_layer_energy/runs/conv2_32pe/scale_sim_output_scale_32pe_energy/action_count.yaml
conv2,32,4x8,systolic_array.PE[1].weights_spad,PE_SPAD,read,28440.0,/home/cs25m115/Neural_Acc/exp1/stage7c_per_layer_energy/runs/conv2_32pe/scale_sim_output_scale_32pe_energy/action_count.yaml
conv2,32,4x8,systolic_array.PE[2].weights_spad,PE_SPAD,write,360.0,/home/cs25m115/Neural_Acc/exp1/stage7c_per_layer_energy/runs/conv2_32pe/scale_sim_output_scale_32pe_energy/action_count.yaml
conv2,32,4x8,systolic_array.PE[2].weights_spad,PE_SPAD,read,28440.0,/home/cs25m115/Neural_Acc/exp1/stage7c_per_layer_energy/runs/conv2_32pe/scale_sim_output_scale_32pe_energy/action_count.yaml
conv2,32,4x8,systolic_array.PE[3].weights_spad,PE_SPAD,write,360.0,/home/cs25m115/Neural_Acc/exp1/stage7c_per_layer_energy/runs/conv2_32pe/scale_sim_output_scale_32pe_energy/action_count.yaml
conv2,32,4x8,systolic_array.PE[3].weights_spad,PE_SPAD,read,28440.0,/home/cs25m115/Neural_Acc/exp1/stage7c_per_layer_energy/runs/conv2_32pe/scale_sim_output_scale_32pe_energy/action_count.yaml
conv2,32,4x8,systolic_array.PE[4].weights_spad,PE_SPAD,write,360.0,/home/cs25m115/Neural_Acc/exp1/stage7c_per_layer_energy/runs/conv2_32pe/scale_sim_output_scale_32pe_energy/action_count.yaml
conv2,32,4x8,systolic_array.PE[4].weights_spad,PE_SPAD,read,28440.0,/home/cs25m115/Neural_Acc/exp1/stage7c_per_layer_energy/runs/conv2_32pe/scale_sim_output_scale_32pe_energy/action_count.yaml
conv2,32,4x8,systolic_array.PE[5].weights_spad,PE_SPAD,write,360.0,/home/cs25m115/Neural_Acc/exp1/stage7c_per_layer_energy/runs/conv2_32pe/scale_sim_output_scale_32pe_energy/action_count.yaml
conv2,32,4x8,systolic_array.PE[5].weights_spad,PE_SPAD,read,28440.0,/home/cs25m115/Neural_Acc/exp1/stage7c_per_layer_energy/runs/conv2_32pe/scale_sim_output_scale_32pe_energy/action_count.yaml
conv2,32,4x8,systolic_array.PE[6].weights_spad,PE_SPAD,write,360.0,/home/cs25m115/Neural_Acc/exp1/stage7c_per_layer_energy/runs/conv2_32pe/scale_sim_output_scale_32pe_energy/action_count.yaml
conv2,32,4x8,systolic_array.PE[6].weights_spad,PE_SPAD,read,28440.0,/home/cs25m115/Neural_Acc/exp1/stage7c_per_layer_energy/runs/conv2_32pe/scale_sim_output_scale_32pe_energy/action_count.yaml
conv2,32,4x8,systolic_array.PE[7].weights_spad,PE_SPAD,write,360.0,/home/cs25m115/Neural_Acc/exp1/stage7c_per_layer_energy/runs/conv2_32pe/scale_sim_output_scale_32pe_energy/action_count.yaml
conv2,32,4x8,systolic_array.PE[7].weights_spad,PE_SPAD,read,28440.0,/home/cs25m115/Neural_Acc/exp1/stage7c_per_layer_energy/runs/conv2_32pe/scale_sim_output_scale_32pe_energy/action_count.yaml
conv2,32,4x8,systolic_array.PE[8].weights_spad,PE_SPAD,write,360.0,/home/cs25m115/Neural_Acc/exp1/stage7c_per_layer_energy/runs/conv2_32pe/scale_sim_output_scale_32pe_energy/action_count.yaml
conv2,32,4x8,systolic_array.PE[8].weights_spad,PE_SPAD,read,28440.0,/home/cs25m115/Neural_Acc/exp1/stage7c_per_layer_energy/runs/conv2_32pe/scale_sim_output_scale_32pe_energy/action_count.yaml
conv2,32,4x8,systolic_array.PE[9].weights_spad,PE_SPAD,write,360.0,/home/cs25m115/Neural_Acc/exp1/stage7c_per_layer_energy/runs/conv2_32pe/scale_sim_output_scale_32pe_energy/action_count.yaml
conv2,32,4x8,systolic_array.PE[9].weights_spad,PE_SPAD,read,28440.0,/home/cs25m115/Neural_Acc/exp1/stage7c_per_layer_energy/runs/conv2_32pe/scale_sim_output_scale_32pe_energy/action_count.yaml
conv2,32,4x8,systolic_array.PE[10].weights_spad,PE_SPAD,write,360.0,/home/cs25m115/Neural_Acc/exp1/stage7c_per_layer_energy/runs/conv2_32pe/scale_sim_output_scale_32pe_energy/action_count.yaml
conv2,32,4x8,systolic_array.PE[10].weights_spad,PE_SPAD,read,28440.0,/home/cs25m115/Neural_Acc/exp1/stage7c_per_layer_energy/runs/conv2_32pe/scale_sim_output_scale_32pe_energy/action_count.yaml
conv2,32,4x8,systolic_array.PE[11].weights_spad,PE_SPAD,write,360.0,/home/cs25m115/Neural_Acc/exp1/stage7c_per_layer_energy/runs/conv2_32pe/scale_sim_output_scale_32pe_energy/action_count.yaml
conv2,32,4x8,systolic_array.PE[11].weights_spad,PE_SPAD,read,28440.0,/home/cs25m115/Neural_Acc/exp1/stage7c_per_layer_energy/runs/conv2_32pe/scale_sim_output_scale_32pe_energy/action_count.yaml
conv2,32,4x8,systolic_array.PE[12].weights_spad,PE_SPAD,write,360.0,/home/cs25m115/Neural_Acc/exp1/stage7c_per_layer_energy/runs/conv2_32pe/scale_sim_output_scale_32pe_energy/action_count.yaml
conv2,32,4x8,systolic_array.PE[12].weights_spad,PE_SPAD,read,28440.0,/home/cs25m115/Neural_Acc/exp1/stage7c_per_layer_energy/runs/conv2_32pe/scale_sim_output_scale_32pe_energy/action_count.yaml
conv2,32,4x8,systolic_array.PE[13].weights_spad,PE_SPAD,write,360.0,/home/cs25m115/Neural_Acc/exp1/stage7c_per_layer_energy/runs/conv2_32pe/scale_sim_output_scale_32pe_energy/action_count.yaml
conv2,32,4x8,systolic_array.PE[13].weights_spad,PE_SPAD,read,28440.0,/home/cs25m115/Neural_Acc/exp1/stage7c_per_layer_energy/runs/conv2_32pe/scale_sim_output_scale_32pe_energy/action_count.yaml
conv2,32,4x8,systolic_array.PE[14].weights_spad,PE_SPAD,write,360.0,/home/cs25m115/Neural_Acc/exp1/stage7c_per_layer_energy/runs/conv2_32pe/scale_sim_output_scale_32pe_energy/action_count.yaml
conv2,32,4x8,systolic_array.PE[14].weights_spad,PE_SPAD,read,28440.0,/home/cs25m115/Neural_Acc/exp1/stage7c_per_layer_energy/runs/conv2_32pe/scale_sim_output_scale_32pe_energy/action_count.yaml
conv2,32,4x8,systolic_array.PE[15].weights_spad,PE_SPAD,write,360.0,/home/cs25m115/Neural_Acc/exp1/stage7c_per_layer_energy/runs/conv2_32pe/scale_sim_output_scale_32pe_energy/action_count.yaml
conv2,32,4x8,systolic_array.PE[15].weights_spad,PE_SPAD,read,28440.0,/home/cs25m115/Neural_Acc/exp1/stage7c_per_layer_energy/runs/conv2_32pe/scale_sim_output_scale_32pe_energy/action_count.yaml
conv2,32,4x8,systolic_array.PE[16].weights_spad,PE_SPAD,write,360.0,/home/cs25m115/Neural_Acc/exp1/stage7c_per_layer_energy/runs/conv2_32pe/scale_sim_output_scale_32pe_energy/action_count.yaml
conv2,32,4x8,systolic_array.PE[16].weights_spad,PE_SPAD,read,28440.0,/home/cs25m115/Neural_Acc/exp1/stage7c_per_layer_energy/runs/conv2_32pe/scale_sim_output_scale_32pe_energy/action_count.yaml
conv2,32,4x8,systolic_array.PE[17].weights_spad,PE_SPAD,write,360.0,/home/cs25m115/Neural_Acc/exp1/stage7c_per_layer_energy/runs/conv2_32pe/scale_sim_output_scale_32pe_energy/action_count.yaml
conv2,32,4x8,systolic_array.PE[17].weights_spad,PE_SPAD,read,28440.0,/home/cs25m115/Neural_Acc/exp1/stage7c_per_layer_energy/runs/conv2_32pe/scale_sim_output_scale_32pe_energy/action_count.yaml
conv2,32,4x8,systolic_array.PE[18].weights_spad,PE_SPAD,write,360.0,/home/cs25m115/Neural_Acc/exp1/stage7c_per_layer_energy/runs/conv2_32pe/scale_sim_output_scale_32pe_energy/action_count.yaml
conv2,32,4x8,systolic_array.PE[18].weights_spad,PE_SPAD,read,28440.0,/home/cs25m115/Neural_Acc/exp1/stage7c_per_layer_energy/runs/conv2_32pe/scale_sim_output_scale_32pe_energy/action_count.yaml
conv2,32,4x8,systolic_array.PE[19].weights_spad,PE_SPAD,write,360.0,/home/cs25m115/Neural_Acc/exp1/stage7c_per_layer_energy/runs/conv2_32pe/scale_sim_output_scale_32pe_energy/action_count.yaml
conv2,32,4x8,systolic_array.PE[19].weights_spad,PE_SPAD,read,28440.0,/home/cs25m115/Neural_Acc/exp1/stage7c_per_layer_energy/runs/conv2_32pe/scale_sim_output_scale_32pe_energy/action_count.yaml
conv2,32,4x8,systolic_array.PE[20].weights_spad,PE_SPAD,write,360.0,/home/cs25m115/Neural_Acc/exp1/stage7c_per_layer_energy/runs/conv2_32pe/scale_sim_output_scale_32pe_energy/action_count.yaml
conv2,32,4x8,systolic_array.PE[20].weights_spad,PE_SPAD,read,28440.0,/home/cs25m115/Neural_Acc/exp1/stage7c_per_layer_energy/runs/conv2_32pe/scale_sim_output_scale_32pe_energy/action_count.yaml
conv2,32,4x8,systolic_array.PE[21].weights_spad,PE_SPAD,write,360.0,/home/cs25m115/Neural_Acc/exp1/stage7c_per_layer_energy/runs/conv2_32pe/scale_sim_output_scale_32pe_energy/action_count.yaml
conv2,32,4x8,systolic_array.PE[21].weights_spad,PE_SPAD,read,28440.0,/home/cs25m115/Neural_Acc/exp1/stage7c_per_layer_energy/runs/conv2_32pe/scale_sim_output_scale_32pe_energy/action_count.yaml
conv2,32,4x8,systolic_array.PE[22].weights_spad,PE_SPAD,write,360.0,/home/cs25m115/Neural_Acc/exp1/stage7c_per_layer_energy/runs/conv2_32pe/scale_sim_output_scale_32pe_energy/action_count.yaml
conv2,32,4x8,systolic_array.PE[22].weights_spad,PE_SPAD,read,28440.0,/home/cs25m115/Neural_Acc/exp1/stage7c_per_layer_energy/runs/conv2_32pe/scale_sim_output_scale_32pe_energy/action_count.yaml
conv2,32,4x8,systolic_array.PE[23].weights_spad,PE_SPAD,write,360.0,/home/cs25m115/Neural_Acc/exp1/stage7c_per_layer_energy/runs/conv2_32pe/scale_sim_output_scale_32pe_energy/action_count.yaml
conv2,32,4x8,systolic_array.PE[23].weights_spad,PE_SPAD,read,28440.0,/home/cs25m115/Neural_Acc/exp1/stage7c_per_layer_energy/runs/conv2_32pe/scale_sim_output_scale_32pe_energy/action_count.yaml
conv2,32,4x8,systolic_array.PE[24].weights_spad,PE_SPAD,write,360.0,/home/cs25m115/Neural_Acc/exp1/stage7c_per_layer_energy/runs/conv2_32pe/scale_sim_output_scale_32pe_energy/action_count.yaml
conv2,32,4x8,systolic_array.PE[24].weights_spad,PE_SPAD,read,28440.0,/home/cs25m115/Neural_Acc/exp1/stage7c_per_layer_energy/runs/conv2_32pe/scale_sim_output_scale_32pe_energy/action_count.yaml
conv2,32,4x8,systolic_array.PE[25].weights_spad,PE_SPAD,write,360.0,/home/cs25m115/Neural_Acc/exp1/stage7c_per_layer_energy/runs/conv2_32pe/scale_sim_output_scale_32pe_energy/action_count.yaml
conv2,32,4x8,systolic_array.PE[25].weights_spad,PE_SPAD,read,28440.0,/home/cs25m115/Neural_Acc/exp1/stage7c_per_layer_energy/runs/conv2_32pe/scale_sim_output_scale_32pe_energy/action_count.yaml
conv2,32,4x8,systolic_array.PE[26].weights_spad,PE_SPAD,write,360.0,/home/cs25m115/Neural_Acc/exp1/stage7c_per_layer_energy/runs/conv2_32pe/scale_sim_output_scale_32pe_energy/action_count.yaml
conv2,32,4x8,systolic_array.PE[26].weights_spad,PE_SPAD,read,28440.0,/home/cs25m115/Neural_Acc/exp1/stage7c_per_layer_energy/runs/conv2_32pe/scale_sim_output_scale_32pe_energy/action_count.yaml
conv2,32,4x8,systolic_array.PE[27].weights_spad,PE_SPAD,write,360.0,/home/cs25m115/Neural_Acc/exp1/stage7c_per_layer_energy/runs/conv2_32pe/scale_sim_output_scale_32pe_energy/action_count.yaml
conv2,32,4x8,systolic_array.PE[27].weights_spad,PE_SPAD,read,28440.0,/home/cs25m115/Neural_Acc/exp1/stage7c_per_layer_energy/runs/conv2_32pe/scale_sim_output_scale_32pe_energy/action_count.yaml
conv2,32,4x8,systolic_array.PE[28].weights_spad,PE_SPAD,write,360.0,/home/cs25m115/Neural_Acc/exp1/stage7c_per_layer_energy/runs/conv2_32pe/scale_sim_output_scale_32pe_energy/action_count.yaml
conv2,32,4x8,systolic_array.PE[28].weights_spad,PE_SPAD,read,28440.0,/home/cs25m115/Neural_Acc/exp1/stage7c_per_layer_energy/runs/conv2_32pe/scale_sim_output_scale_32pe_energy/action_count.yaml
conv2,32,4x8,systolic_array.PE[29].weights_spad,PE_SPAD,write,360.0,/home/cs25m115/Neural_Acc/exp1/stage7c_per_layer_energy/runs/conv2_32pe/scale_sim_output_scale_32pe_energy/action_count.yaml
conv2,32,4x8,systolic_array.PE[29].weights_spad,PE_SPAD,read,28440.0,/home/cs25m115/Neural_Acc/exp1/stage7c_per_layer_energy/runs/conv2_32pe/scale_sim_output_scale_32pe_energy/action_count.yaml
conv2,32,4x8,systolic_array.PE[30].weights_spad,PE_SPAD,write,360.0,/home/cs25m115/Neural_Acc/exp1/stage7c_per_layer_energy/runs/conv2_32pe/scale_sim_output_scale_32pe_energy/action_count.yaml
conv2,32,4x8,systolic_array.PE[30].weights_spad,PE_SPAD,read,28440.0,/home/cs25m115/Neural_Acc/exp1/stage7c_per_layer_energy/runs/conv2_32pe/scale_sim_output_scale_32pe_energy/action_count.yaml
conv2,32,4x8,systolic_array.PE[31].weights_spad,PE_SPAD,write,360.0,/home/cs25m115/Neural_Acc/exp1/stage7c_per_layer_energy/runs/conv2_32pe/scale_sim_output_scale_32pe_energy/action_count.yaml
conv2,32,4x8,systolic_array.PE[31].weights_spad,PE_SPAD,read,28440.0,/home/cs25m115/Neural_Acc/exp1/stage7c_per_layer_energy/runs/conv2_32pe/scale_sim_output_scale_32pe_energy/action_count.yaml
conv2,32,4x8,systolic_array.PE[0].ifmap_spad,PE_SPAD,write,28224.0,/home/cs25m115/Neural_Acc/exp1/stage7c_per_layer_energy/runs/conv2_32pe/scale_sim_output_scale_32pe_energy/action_count.yaml
conv2,32,4x8,systolic_array.PE[0].ifmap_spad,PE_SPAD,read,52920.0,/home/cs25m115/Neural_Acc/exp1/stage7c_per_layer_energy/runs/conv2_32pe/scale_sim_output_scale_32pe_energy/action_count.yaml
conv2,32,4x8,systolic_array.PE[1].ifmap_spad,PE_SPAD,write,28224.0,/home/cs25m115/Neural_Acc/exp1/stage7c_per_layer_energy/runs/conv2_32pe/scale_sim_output_scale_32pe_energy/action_count.yaml
conv2,32,4x8,systolic_array.PE[1].ifmap_spad,PE_SPAD,read,52920.0,/home/cs25m115/Neural_Acc/exp1/stage7c_per_layer_energy/runs/conv2_32pe/scale_sim_output_scale_32pe_energy/action_count.yaml
conv2,32,4x8,systolic_array.PE[2].ifmap_spad,PE_SPAD,write,28224.0,/home/cs25m115/Neural_Acc/exp1/stage7c_per_layer_energy/runs/conv2_32pe/scale_sim_output_scale_32pe_energy/action_count.yaml
conv2,32,4x8,systolic_array.PE[2].ifmap_spad,PE_SPAD,read,52920.0,/home/cs25m115/Neural_Acc/exp1/stage7c_per_layer_energy/runs/conv2_32pe/scale_sim_output_scale_32pe_energy/action_count.yaml
conv2,32,4x8,systolic_array.PE[3].ifmap_spad,PE_SPAD,write,28224.0,/home/cs25m115/Neural_Acc/exp1/stage7c_per_layer_energy/runs/conv2_32pe/scale_sim_output_scale_32pe_energy/action_count.yaml
conv2,32,4x8,systolic_array.PE[3].ifmap_spad,PE_SPAD,read,52920.0,/home/cs25m115/Neural_Acc/exp1/stage7c_per_layer_energy/runs/conv2_32pe/scale_sim_output_scale_32pe_energy/action_count.yaml
conv2,32,4x8,systolic_array.PE[4].ifmap_spad,PE_SPAD,write,28224.0,/home/cs25m115/Neural_Acc/exp1/stage7c_per_layer_energy/runs/conv2_32pe/scale_sim_output_scale_32pe_energy/action_count.yaml
conv2,32,4x8,systolic_array.PE[4].ifmap_spad,PE_SPAD,read,52920.0,/home/cs25m115/Neural_Acc/exp1/stage7c_per_layer_energy/runs/conv2_32pe/scale_sim_output_scale_32pe_energy/action_count.yaml
conv2,32,4x8,systolic_array.PE[5].ifmap_spad,PE_SPAD,write,28224.0,/home/cs25m115/Neural_Acc/exp1/stage7c_per_layer_energy/runs/conv2_32pe/scale_sim_output_scale_32pe_energy/action_count.yaml
conv2,32,4x8,systolic_array.PE[5].ifmap_spad,PE_SPAD,read,52920.0,/home/cs25m115/Neural_Acc/exp1/stage7c_per_layer_energy/runs/conv2_32pe/scale_sim_output_scale_32pe_energy/action_count.yaml
conv2,32,4x8,systolic_array.PE[6].ifmap_spad,PE_SPAD,write,28224.0,/home/cs25m115/Neural_Acc/exp1/stage7c_per_layer_energy/runs/conv2_32pe/scale_sim_output_scale_32pe_energy/action_count.yaml
conv2,32,4x8,systolic_array.PE[6].ifmap_spad,PE_SPAD,read,52920.0,/home/cs25m115/Neural_Acc/exp1/stage7c_per_layer_energy/runs/conv2_32pe/scale_sim_output_scale_32pe_energy/action_count.yaml
conv2,32,4x8,systolic_array.PE[7].ifmap_spad,PE_SPAD,write,28224.0,/home/cs25m115/Neural_Acc/exp1/stage7c_per_layer_energy/runs/conv2_32pe/scale_sim_output_scale_32pe_energy/action_count.yaml
conv2,32,4x8,systolic_array.PE[7].ifmap_spad,PE_SPAD,read,52920.0,/home/cs25m115/Neural_Acc/exp1/stage7c_per_layer_energy/runs/conv2_32pe/scale_sim_output_scale_32pe_energy/action_count.yaml
conv2,32,4x8,systolic_array.PE[8].ifmap_spad,PE_SPAD,write,28224.0,/home/cs25m115/Neural_Acc/exp1/stage7c_per_layer_energy/runs/conv2_32pe/scale_sim_output_scale_32pe_energy/action_count.yaml
conv2,32,4x8,systolic_array.PE[8].ifmap_spad,PE_SPAD,read,52920.0,/home/cs25m115/Neural_Acc/exp1/stage7c_per_layer_energy/runs/conv2_32pe/scale_sim_output_scale_32pe_energy/action_count.yaml
conv2,32,4x8,systolic_array.PE[9].ifmap_spad,PE_SPAD,write,28224.0,/home/cs25m115/Neural_Acc/exp1/stage7c_per_layer_energy/runs/conv2_32pe/scale_sim_output_scale_32pe_energy/action_count.yaml
conv2,32,4x8,systolic_array.PE[9].ifmap_spad,PE_SPAD,read,52920.0,/home/cs25m115/Neural_Acc/exp1/stage7c_per_layer_energy/runs/conv2_32pe/scale_sim_output_scale_32pe_energy/action_count.yaml
conv2,32,4x8,systolic_array.PE[10].ifmap_spad,PE_SPAD,write,28224.0,/home/cs25m115/Neural_Acc/exp1/stage7c_per_layer_energy/runs/conv2_32pe/scale_sim_output_scale_32pe_energy/action_count.yaml
conv2,32,4x8,systolic_array.PE[10].ifmap_spad,PE_SPAD,read,52920.0,/home/cs25m115/Neural_Acc/exp1/stage7c_per_layer_energy/runs/conv2_32pe/scale_sim_output_scale_32pe_energy/action_count.yaml
conv2,32,4x8,systolic_array.PE[11].ifmap_spad,PE_SPAD,write,28224.0,/home/cs25m115/Neural_Acc/exp1/stage7c_per_layer_energy/runs/conv2_32pe/scale_sim_output_scale_32pe_energy/action_count.yaml
conv2,32,4x8,systolic_array.PE[11].ifmap_spad,PE_SPAD,read,52920.0,/home/cs25m115/Neural_Acc/exp1/stage7c_per_layer_energy/runs/conv2_32pe/scale_sim_output_scale_32pe_energy/action_count.yaml
conv2,32,4x8,systolic_array.PE[12].ifmap_spad,PE_SPAD,write,28224.0,/home/cs25m115/Neural_Acc/exp1/stage7c_per_layer_energy/runs/conv2_32pe/scale_sim_output_scale_32pe_energy/action_count.yaml
conv2,32,4x8,systolic_array.PE[12].ifmap_spad,PE_SPAD,read,52920.0,/home/cs25m115/Neural_Acc/exp1/stage7c_per_layer_energy/runs/conv2_32pe/scale_sim_output_scale_32pe_energy/action_count.yaml
conv2,32,4x8,systolic_array.PE[13].ifmap_spad,PE_SPAD,write,28224.0,/home/cs25m115/Neural_Acc/exp1/stage7c_per_layer_energy/runs/conv2_32pe/scale_sim_output_scale_32pe_energy/action_count.yaml
conv2,32,4x8,systolic_array.PE[13].ifmap_spad,PE_SPAD,read,52920.0,/home/cs25m115/Neural_Acc/exp1/stage7c_per_layer_energy/runs/conv2_32pe/scale_sim_output_scale_32pe_energy/action_count.yaml
conv2,32,4x8,systolic_array.PE[14].ifmap_spad,PE_SPAD,write,28224.0,/home/cs25m115/Neural_Acc/exp1/stage7c_per_layer_energy/runs/conv2_32pe/scale_sim_output_scale_32pe_energy/action_count.yaml
conv2,32,4x8,systolic_array.PE[14].ifmap_spad,PE_SPAD,read,52920.0,/home/cs25m115/Neural_Acc/exp1/stage7c_per_layer_energy/runs/conv2_32pe/scale_sim_output_scale_32pe_energy/action_count.yaml
conv2,32,4x8,systolic_array.PE[15].ifmap_spad,PE_SPAD,write,28224.0,/home/cs25m115/Neural_Acc/exp1/stage7c_per_layer_energy/runs/conv2_32pe/scale_sim_output_scale_32pe_energy/action_count.yaml
conv2,32,4x8,systolic_array.PE[15].ifmap_spad,PE_SPAD,read,52920.0,/home/cs25m115/Neural_Acc/exp1/stage7c_per_layer_energy/runs/conv2_32pe/scale_sim_output_scale_32pe_energy/action_count.yaml
conv2,32,4x8,systolic_array.PE[16].ifmap_spad,PE_SPAD,write,28224.0,/home/cs25m115/Neural_Acc/exp1/stage7c_per_layer_energy/runs/conv2_32pe/scale_sim_output_scale_32pe_energy/action_count.yaml
conv2,32,4x8,systolic_array.PE[16].ifmap_spad,PE_SPAD,read,52920.0,/home/cs25m115/Neural_Acc/exp1/stage7c_per_layer_energy/runs/conv2_32pe/scale_sim_output_scale_32pe_energy/action_count.yaml
conv2,32,4x8,systolic_array.PE[17].ifmap_spad,PE_SPAD,write,28224.0,/home/cs25m115/Neural_Acc/exp1/stage7c_per_layer_energy/runs/conv2_32pe/scale_sim_output_scale_32pe_energy/action_count.yaml
conv2,32,4x8,systolic_array.PE[17].ifmap_spad,PE_SPAD,read,52920.0,/home/cs25m115/Neural_Acc/exp1/stage7c_per_layer_energy/runs/conv2_32pe/scale_sim_output_scale_32pe_energy/action_count.yaml
conv2,32,4x8,systolic_array.PE[18].ifmap_spad,PE_SPAD,write,28224.0,/home/cs25m115/Neural_Acc/exp1/stage7c_per_layer_energy/runs/conv2_32pe/scale_sim_output_scale_32pe_energy/action_count.yaml
conv2,32,4x8,systolic_array.PE[18].ifmap_spad,PE_SPAD,read,52920.0,/home/cs25m115/Neural_Acc/exp1/stage7c_per_layer_energy/runs/conv2_32pe/scale_sim_output_scale_32pe_energy/action_count.yaml
conv2,32,4x8,systolic_array.PE[19].ifmap_spad,PE_SPAD,write,28224.0,/home/cs25m115/Neural_Acc/exp1/stage7c_per_layer_energy/runs/conv2_32pe/scale_sim_output_scale_32pe_energy/action_count.yaml
conv2,32,4x8,systolic_array.PE[19].ifmap_spad,PE_SPAD,read,52920.0,/home/cs25m115/Neural_Acc/exp1/stage7c_per_layer_energy/runs/conv2_32pe/scale_sim_output_scale_32pe_energy/action_count.yaml
conv2,32,4x8,systolic_array.PE[20].ifmap_spad,PE_SPAD,write,28224.0,/home/cs25m115/Neural_Acc/exp1/stage7c_per_layer_energy/runs/conv2_32pe/scale_sim_output_scale_32pe_energy/action_count.yaml
conv2,32,4x8,systolic_array.PE[20].ifmap_spad,PE_SPAD,read,52920.0,/home/cs25m115/Neural_Acc/exp1/stage7c_per_layer_energy/runs/conv2_32pe/scale_sim_output_scale_32pe_energy/action_count.yaml
conv2,32,4x8,systolic_array.PE[21].ifmap_spad,PE_SPAD,write,28224.0,/home/cs25m115/Neural_Acc/exp1/stage7c_per_layer_energy/runs/conv2_32pe/scale_sim_output_scale_32pe_energy/action_count.yaml
conv2,32,4x8,systolic_array.PE[21].ifmap_spad,PE_SPAD,read,52920.0,/home/cs25m115/Neural_Acc/exp1/stage7c_per_layer_energy/runs/conv2_32pe/scale_sim_output_scale_32pe_energy/action_count.yaml
conv2,32,4x8,systolic_array.PE[22].ifmap_spad,PE_SPAD,write,28224.0,/home/cs25m115/Neural_Acc/exp1/stage7c_per_layer_energy/runs/conv2_32pe/scale_sim_output_scale_32pe_energy/action_count.yaml
conv2,32,4x8,systolic_array.PE[22].ifmap_spad,PE_SPAD,read,52920.0,/home/cs25m115/Neural_Acc/exp1/stage7c_per_layer_energy/runs/conv2_32pe/scale_sim_output_scale_32pe_energy/action_count.yaml
conv2,32,4x8,systolic_array.PE[23].ifmap_spad,PE_SPAD,write,28224.0,/home/cs25m115/Neural_Acc/exp1/stage7c_per_layer_energy/runs/conv2_32pe/scale_sim_output_scale_32pe_energy/action_count.yaml
conv2,32,4x8,systolic_array.PE[23].ifmap_spad,PE_SPAD,read,52920.0,/home/cs25m115/Neural_Acc/exp1/stage7c_per_layer_energy/runs/conv2_32pe/scale_sim_output_scale_32pe_energy/action_count.yaml
conv2,32,4x8,systolic_array.PE[24].ifmap_spad,PE_SPAD,write,28224.0,/home/cs25m115/Neural_Acc/exp1/stage7c_per_layer_energy/runs/conv2_32pe/scale_sim_output_scale_32pe_energy/action_count.yaml
conv2,32,4x8,systolic_array.PE[24].ifmap_spad,PE_SPAD,read,52920.0,/home/cs25m115/Neural_Acc/exp1/stage7c_per_layer_energy/runs/conv2_32pe/scale_sim_output_scale_32pe_energy/action_count.yaml
conv2,32,4x8,systolic_array.PE[25].ifmap_spad,PE_SPAD,write,28224.0,/home/cs25m115/Neural_Acc/exp1/stage7c_per_layer_energy/runs/conv2_32pe/scale_sim_output_scale_32pe_energy/action_count.yaml
conv2,32,4x8,systolic_array.PE[25].ifmap_spad,PE_SPAD,read,52920.0,/home/cs25m115/Neural_Acc/exp1/stage7c_per_layer_energy/runs/conv2_32pe/scale_sim_output_scale_32pe_energy/action_count.yaml
conv2,32,4x8,systolic_array.PE[26].ifmap_spad,PE_SPAD,write,28224.0,/home/cs25m115/Neural_Acc/exp1/stage7c_per_layer_energy/runs/conv2_32pe/scale_sim_output_scale_32pe_energy/action_count.yaml
conv2,32,4x8,systolic_array.PE[26].ifmap_spad,PE_SPAD,read,52920.0,/home/cs25m115/Neural_Acc/exp1/stage7c_per_layer_energy/runs/conv2_32pe/scale_sim_output_scale_32pe_energy/action_count.yaml
conv2,32,4x8,systolic_array.PE[27].ifmap_spad,PE_SPAD,write,28224.0,/home/cs25m115/Neural_Acc/exp1/stage7c_per_layer_energy/runs/conv2_32pe/scale_sim_output_scale_32pe_energy/action_count.yaml
conv2,32,4x8,systolic_array.PE[27].ifmap_spad,PE_SPAD,read,52920.0,/home/cs25m115/Neural_Acc/exp1/stage7c_per_layer_energy/runs/conv2_32pe/scale_sim_output_scale_32pe_energy/action_count.yaml
conv2,32,4x8,systolic_array.PE[28].ifmap_spad,PE_SPAD,write,28224.0,/home/cs25m115/Neural_Acc/exp1/stage7c_per_layer_energy/runs/conv2_32pe/scale_sim_output_scale_32pe_energy/action_count.yaml
conv2,32,4x8,systolic_array.PE[28].ifmap_spad,PE_SPAD,read,52920.0,/home/cs25m115/Neural_Acc/exp1/stage7c_per_layer_energy/runs/conv2_32pe/scale_sim_output_scale_32pe_energy/action_count.yaml
conv2,32,4x8,systolic_array.PE[29].ifmap_spad,PE_SPAD,write,28224.0,/home/cs25m115/Neural_Acc/exp1/stage7c_per_layer_energy/runs/conv2_32pe/scale_sim_output_scale_32pe_energy/action_count.yaml
conv2,32,4x8,systolic_array.PE[29].ifmap_spad,PE_SPAD,read,52920.0,/home/cs25m115/Neural_Acc/exp1/stage7c_per_layer_energy/runs/conv2_32pe/scale_sim_output_scale_32pe_energy/action_count.yaml
conv2,32,4x8,systolic_array.PE[30].ifmap_spad,PE_SPAD,write,28224.0,/home/cs25m115/Neural_Acc/exp1/stage7c_per_layer_energy/runs/conv2_32pe/scale_sim_output_scale_32pe_energy/action_count.yaml
conv2,32,4x8,systolic_array.PE[30].ifmap_spad,PE_SPAD,read,52920.0,/home/cs25m115/Neural_Acc/exp1/stage7c_per_layer_energy/runs/conv2_32pe/scale_sim_output_scale_32pe_energy/action_count.yaml
conv2,32,4x8,systolic_array.PE[31].ifmap_spad,PE_SPAD,write,28224.0,/home/cs25m115/Neural_Acc/exp1/stage7c_per_layer_energy/runs/conv2_32pe/scale_sim_output_scale_32pe_energy/action_count.yaml
conv2,32,4x8,systolic_array.PE[31].ifmap_spad,PE_SPAD,read,52920.0,/home/cs25m115/Neural_Acc/exp1/stage7c_per_layer_energy/runs/conv2_32pe/scale_sim_output_scale_32pe_energy/action_count.yaml
conv2,32,4x8,systolic_array.PE[0].psum_spad,PE_SPAD,write,28224.0,/home/cs25m115/Neural_Acc/exp1/stage7c_per_layer_energy/runs/conv2_32pe/scale_sim_output_scale_32pe_energy/action_count.yaml
conv2,32,4x8,systolic_array.PE[0].psum_spad,PE_SPAD,read,21168.0,/home/cs25m115/Neural_Acc/exp1/stage7c_per_layer_energy/runs/conv2_32pe/scale_sim_output_scale_32pe_energy/action_count.yaml
conv2,32,4x8,systolic_array.PE[1].psum_spad,PE_SPAD,write,28224.0,/home/cs25m115/Neural_Acc/exp1/stage7c_per_layer_energy/runs/conv2_32pe/scale_sim_output_scale_32pe_energy/action_count.yaml
conv2,32,4x8,systolic_array.PE[1].psum_spad,PE_SPAD,read,21168.0,/home/cs25m115/Neural_Acc/exp1/stage7c_per_layer_energy/runs/conv2_32pe/scale_sim_output_scale_32pe_energy/action_count.yaml
conv2,32,4x8,systolic_array.PE[2].psum_spad,PE_SPAD,write,28224.0,/home/cs25m115/Neural_Acc/exp1/stage7c_per_layer_energy/runs/conv2_32pe/scale_sim_output_scale_32pe_energy/action_count.yaml
conv2,32,4x8,systolic_array.PE[2].psum_spad,PE_SPAD,read,21168.0,/home/cs25m115/Neural_Acc/exp1/stage7c_per_layer_energy/runs/conv2_32pe/scale_sim_output_scale_32pe_energy/action_count.yaml
conv2,32,4x8,systolic_array.PE[3].psum_spad,PE_SPAD,write,28224.0,/home/cs25m115/Neural_Acc/exp1/stage7c_per_layer_energy/runs/conv2_32pe/scale_sim_output_scale_32pe_energy/action_count.yaml
conv2,32,4x8,systolic_array.PE[3].psum_spad,PE_SPAD,read,21168.0,/home/cs25m115/Neural_Acc/exp1/stage7c_per_layer_energy/runs/conv2_32pe/scale_sim_output_scale_32pe_energy/action_count.yaml
conv2,32,4x8,systolic_array.PE[4].psum_spad,PE_SPAD,write,28224.0,/home/cs25m115/Neural_Acc/exp1/stage7c_per_layer_energy/runs/conv2_32pe/scale_sim_output_scale_32pe_energy/action_count.yaml
conv2,32,4x8,systolic_array.PE[4].psum_spad,PE_SPAD,read,21168.0,/home/cs25m115/Neural_Acc/exp1/stage7c_per_layer_energy/runs/conv2_32pe/scale_sim_output_scale_32pe_energy/action_count.yaml
conv2,32,4x8,systolic_array.PE[5].psum_spad,PE_SPAD,write,28224.0,/home/cs25m115/Neural_Acc/exp1/stage7c_per_layer_energy/runs/conv2_32pe/scale_sim_output_scale_32pe_energy/action_count.yaml
conv2,32,4x8,systolic_array.PE[5].psum_spad,PE_SPAD,read,21168.0,/home/cs25m115/Neural_Acc/exp1/stage7c_per_layer_energy/runs/conv2_32pe/scale_sim_output_scale_32pe_energy/action_count.yaml
conv2,32,4x8,systolic_array.PE[6].psum_spad,PE_SPAD,write,28224.0,/home/cs25m115/Neural_Acc/exp1/stage7c_per_layer_energy/runs/conv2_32pe/scale_sim_output_scale_32pe_energy/action_count.yaml
conv2,32,4x8,systolic_array.PE[6].psum_spad,PE_SPAD,read,21168.0,/home/cs25m115/Neural_Acc/exp1/stage7c_per_layer_energy/runs/conv2_32pe/scale_sim_output_scale_32pe_energy/action_count.yaml
conv2,32,4x8,systolic_array.PE[7].psum_spad,PE_SPAD,write,28224.0,/home/cs25m115/Neural_Acc/exp1/stage7c_per_layer_energy/runs/conv2_32pe/scale_sim_output_scale_32pe_energy/action_count.yaml
conv2,32,4x8,systolic_array.PE[7].psum_spad,PE_SPAD,read,21168.0,/home/cs25m115/Neural_Acc/exp1/stage7c_per_layer_energy/runs/conv2_32pe/scale_sim_output_scale_32pe_energy/action_count.yaml
conv2,32,4x8,systolic_array.PE[8].psum_spad,PE_SPAD,write,28224.0,/home/cs25m115/Neural_Acc/exp1/stage7c_per_layer_energy/runs/conv2_32pe/scale_sim_output_scale_32pe_energy/action_count.yaml
conv2,32,4x8,systolic_array.PE[8].psum_spad,PE_SPAD,read,21168.0,/home/cs25m115/Neural_Acc/exp1/stage7c_per_layer_energy/runs/conv2_32pe/scale_sim_output_scale_32pe_energy/action_count.yaml
conv2,32,4x8,systolic_array.PE[9].psum_spad,PE_SPAD,write,28224.0,/home/cs25m115/Neural_Acc/exp1/stage7c_per_layer_energy/runs/conv2_32pe/scale_sim_output_scale_32pe_energy/action_count.yaml
conv2,32,4x8,systolic_array.PE[9].psum_spad,PE_SPAD,read,21168.0,/home/cs25m115/Neural_Acc/exp1/stage7c_per_layer_energy/runs/conv2_32pe/scale_sim_output_scale_32pe_energy/action_count.yaml
conv2,32,4x8,systolic_array.PE[10].psum_spad,PE_SPAD,write,28224.0,/home/cs25m115/Neural_Acc/exp1/stage7c_per_layer_energy/runs/conv2_32pe/scale_sim_output_scale_32pe_energy/action_count.yaml
conv2,32,4x8,systolic_array.PE[10].psum_spad,PE_SPAD,read,21168.0,/home/cs25m115/Neural_Acc/exp1/stage7c_per_layer_energy/runs/conv2_32pe/scale_sim_output_scale_32pe_energy/action_count.yaml
conv2,32,4x8,systolic_array.PE[11].psum_spad,PE_SPAD,write,28224.0,/home/cs25m115/Neural_Acc/exp1/stage7c_per_layer_energy/runs/conv2_32pe/scale_sim_output_scale_32pe_energy/action_count.yaml
conv2,32,4x8,systolic_array.PE[11].psum_spad,PE_SPAD,read,21168.0,/home/cs25m115/Neural_Acc/exp1/stage7c_per_layer_energy/runs/conv2_32pe/scale_sim_output_scale_32pe_energy/action_count.yaml
conv2,32,4x8,systolic_array.PE[12].psum_spad,PE_SPAD,write,28224.0,/home/cs25m115/Neural_Acc/exp1/stage7c_per_layer_energy/runs/conv2_32pe/scale_sim_output_scale_32pe_energy/action_count.yaml
conv2,32,4x8,systolic_array.PE[12].psum_spad,PE_SPAD,read,21168.0,/home/cs25m115/Neural_Acc/exp1/stage7c_per_layer_energy/runs/conv2_32pe/scale_sim_output_scale_32pe_energy/action_count.yaml
conv2,32,4x8,systolic_array.PE[13].psum_spad,PE_SPAD,write,28224.0,/home/cs25m115/Neural_Acc/exp1/stage7c_per_layer_energy/runs/conv2_32pe/scale_sim_output_scale_32pe_energy/action_count.yaml
conv2,32,4x8,systolic_array.PE[13].psum_spad,PE_SPAD,read,21168.0,/home/cs25m115/Neural_Acc/exp1/stage7c_per_layer_energy/runs/conv2_32pe/scale_sim_output_scale_32pe_energy/action_count.yaml
conv2,32,4x8,systolic_array.PE[14].psum_spad,PE_SPAD,write,28224.0,/home/cs25m115/Neural_Acc/exp1/stage7c_per_layer_energy/runs/conv2_32pe/scale_sim_output_scale_32pe_energy/action_count.yaml
conv2,32,4x8,systolic_array.PE[14].psum_spad,PE_SPAD,read,21168.0,/home/cs25m115/Neural_Acc/exp1/stage7c_per_layer_energy/runs/conv2_32pe/scale_sim_output_scale_32pe_energy/action_count.yaml
conv2,32,4x8,systolic_array.PE[15].psum_spad,PE_SPAD,write,28224.0,/home/cs25m115/Neural_Acc/exp1/stage7c_per_layer_energy/runs/conv2_32pe/scale_sim_output_scale_32pe_energy/action_count.yaml
conv2,32,4x8,systolic_array.PE[15].psum_spad,PE_SPAD,read,21168.0,/home/cs25m115/Neural_Acc/exp1/stage7c_per_layer_energy/runs/conv2_32pe/scale_sim_output_scale_32pe_energy/action_count.yaml
conv2,32,4x8,systolic_array.PE[16].psum_spad,PE_SPAD,write,28224.0,/home/cs25m115/Neural_Acc/exp1/stage7c_per_layer_energy/runs/conv2_32pe/scale_sim_output_scale_32pe_energy/action_count.yaml
conv2,32,4x8,systolic_array.PE[16].psum_spad,PE_SPAD,read,21168.0,/home/cs25m115/Neural_Acc/exp1/stage7c_per_layer_energy/runs/conv2_32pe/scale_sim_output_scale_32pe_energy/action_count.yaml
conv2,32,4x8,systolic_array.PE[17].psum_spad,PE_SPAD,write,28224.0,/home/cs25m115/Neural_Acc/exp1/stage7c_per_layer_energy/runs/conv2_32pe/scale_sim_output_scale_32pe_energy/action_count.yaml
conv2,32,4x8,systolic_array.PE[17].psum_spad,PE_SPAD,read,21168.0,/home/cs25m115/Neural_Acc/exp1/stage7c_per_layer_energy/runs/conv2_32pe/scale_sim_output_scale_32pe_energy/action_count.yaml
conv2,32,4x8,systolic_array.PE[18].psum_spad,PE_SPAD,write,28224.0,/home/cs25m115/Neural_Acc/exp1/stage7c_per_layer_energy/runs/conv2_32pe/scale_sim_output_scale_32pe_energy/action_count.yaml
conv2,32,4x8,systolic_array.PE[18].psum_spad,PE_SPAD,read,21168.0,/home/cs25m115/Neural_Acc/exp1/stage7c_per_layer_energy/runs/conv2_32pe/scale_sim_output_scale_32pe_energy/action_count.yaml
conv2,32,4x8,systolic_array.PE[19].psum_spad,PE_SPAD,write,28224.0,/home/cs25m115/Neural_Acc/exp1/stage7c_per_layer_energy/runs/conv2_32pe/scale_sim_output_scale_32pe_energy/action_count.yaml
conv2,32,4x8,systolic_array.PE[19].psum_spad,PE_SPAD,read,21168.0,/home/cs25m115/Neural_Acc/exp1/stage7c_per_layer_energy/runs/conv2_32pe/scale_sim_output_scale_32pe_energy/action_count.yaml
conv2,32,4x8,systolic_array.PE[20].psum_spad,PE_SPAD,write,28224.0,/home/cs25m115/Neural_Acc/exp1/stage7c_per_layer_energy/runs/conv2_32pe/scale_sim_output_scale_32pe_energy/action_count.yaml
conv2,32,4x8,systolic_array.PE[20].psum_spad,PE_SPAD,read,21168.0,/home/cs25m115/Neural_Acc/exp1/stage7c_per_layer_energy/runs/conv2_32pe/scale_sim_output_scale_32pe_energy/action_count.yaml
conv2,32,4x8,systolic_array.PE[21].psum_spad,PE_SPAD,write,28224.0,/home/cs25m115/Neural_Acc/exp1/stage7c_per_layer_energy/runs/conv2_32pe/scale_sim_output_scale_32pe_energy/action_count.yaml
conv2,32,4x8,systolic_array.PE[21].psum_spad,PE_SPAD,read,21168.0,/home/cs25m115/Neural_Acc/exp1/stage7c_per_layer_energy/runs/conv2_32pe/scale_sim_output_scale_32pe_energy/action_count.yaml
conv2,32,4x8,systolic_array.PE[22].psum_spad,PE_SPAD,write,28224.0,/home/cs25m115/Neural_Acc/exp1/stage7c_per_layer_energy/runs/conv2_32pe/scale_sim_output_scale_32pe_energy/action_count.yaml
conv2,32,4x8,systolic_array.PE[22].psum_spad,PE_SPAD,read,21168.0,/home/cs25m115/Neural_Acc/exp1/stage7c_per_layer_energy/runs/conv2_32pe/scale_sim_output_scale_32pe_energy/action_count.yaml
conv2,32,4x8,systolic_array.PE[23].psum_spad,PE_SPAD,write,28224.0,/home/cs25m115/Neural_Acc/exp1/stage7c_per_layer_energy/runs/conv2_32pe/scale_sim_output_scale_32pe_energy/action_count.yaml
conv2,32,4x8,systolic_array.PE[23].psum_spad,PE_SPAD,read,21168.0,/home/cs25m115/Neural_Acc/exp1/stage7c_per_layer_energy/runs/conv2_32pe/scale_sim_output_scale_32pe_energy/action_count.yaml
conv2,32,4x8,systolic_array.PE[24].psum_spad,PE_SPAD,write,28224.0,/home/cs25m115/Neural_Acc/exp1/stage7c_per_layer_energy/runs/conv2_32pe/scale_sim_output_scale_32pe_energy/action_count.yaml
conv2,32,4x8,systolic_array.PE[24].psum_spad,PE_SPAD,read,21168.0,/home/cs25m115/Neural_Acc/exp1/stage7c_per_layer_energy/runs/conv2_32pe/scale_sim_output_scale_32pe_energy/action_count.yaml
conv2,32,4x8,systolic_array.PE[25].psum_spad,PE_SPAD,write,28224.0,/home/cs25m115/Neural_Acc/exp1/stage7c_per_layer_energy/runs/conv2_32pe/scale_sim_output_scale_32pe_energy/action_count.yaml
conv2,32,4x8,systolic_array.PE[25].psum_spad,PE_SPAD,read,21168.0,/home/cs25m115/Neural_Acc/exp1/stage7c_per_layer_energy/runs/conv2_32pe/scale_sim_output_scale_32pe_energy/action_count.yaml
conv2,32,4x8,systolic_array.PE[26].psum_spad,PE_SPAD,write,28224.0,/home/cs25m115/Neural_Acc/exp1/stage7c_per_layer_energy/runs/conv2_32pe/scale_sim_output_scale_32pe_energy/action_count.yaml
conv2,32,4x8,systolic_array.PE[26].psum_spad,PE_SPAD,read,21168.0,/home/cs25m115/Neural_Acc/exp1/stage7c_per_layer_energy/runs/conv2_32pe/scale_sim_output_scale_32pe_energy/action_count.yaml
conv2,32,4x8,systolic_array.PE[27].psum_spad,PE_SPAD,write,28224.0,/home/cs25m115/Neural_Acc/exp1/stage7c_per_layer_energy/runs/conv2_32pe/scale_sim_output_scale_32pe_energy/action_count.yaml
conv2,32,4x8,systolic_array.PE[27].psum_spad,PE_SPAD,read,21168.0,/home/cs25m115/Neural_Acc/exp1/stage7c_per_layer_energy/runs/conv2_32pe/scale_sim_output_scale_32pe_energy/action_count.yaml
conv2,32,4x8,systolic_array.PE[28].psum_spad,PE_SPAD,write,28224.0,/home/cs25m115/Neural_Acc/exp1/stage7c_per_layer_energy/runs/conv2_32pe/scale_sim_output_scale_32pe_energy/action_count.yaml
conv2,32,4x8,systolic_array.PE[28].psum_spad,PE_SPAD,read,21168.0,/home/cs25m115/Neural_Acc/exp1/stage7c_per_layer_energy/runs/conv2_32pe/scale_sim_output_scale_32pe_energy/action_count.yaml
conv2,32,4x8,systolic_array.PE[29].psum_spad,PE_SPAD,write,28224.0,/home/cs25m115/Neural_Acc/exp1/stage7c_per_layer_energy/runs/conv2_32pe/scale_sim_output_scale_32pe_energy/action_count.yaml
conv2,32,4x8,systolic_array.PE[29].psum_spad,PE_SPAD,read,21168.0,/home/cs25m115/Neural_Acc/exp1/stage7c_per_layer_energy/runs/conv2_32pe/scale_sim_output_scale_32pe_energy/action_count.yaml
conv2,32,4x8,systolic_array.PE[30].psum_spad,PE_SPAD,write,28224.0,/home/cs25m115/Neural_Acc/exp1/stage7c_per_layer_energy/runs/conv2_32pe/scale_sim_output_scale_32pe_energy/action_count.yaml
conv2,32,4x8,systolic_array.PE[30].psum_spad,PE_SPAD,read,21168.0,/home/cs25m115/Neural_Acc/exp1/stage7c_per_layer_energy/runs/conv2_32pe/scale_sim_output_scale_32pe_energy/action_count.yaml
conv2,32,4x8,systolic_array.PE[31].psum_spad,PE_SPAD,write,28224.0,/home/cs25m115/Neural_Acc/exp1/stage7c_per_layer_energy/runs/conv2_32pe/scale_sim_output_scale_32pe_energy/action_count.yaml
conv2,32,4x8,systolic_array.PE[31].psum_spad,PE_SPAD,read,21168.0,/home/cs25m115/Neural_Acc/exp1/stage7c_per_layer_energy/runs/conv2_32pe/scale_sim_output_scale_32pe_energy/action_count.yaml
conv2,32,4x8,systolic_array.PE[0].mac,MAC,mac_random,30239.0,/home/cs25m115/Neural_Acc/exp1/stage7c_per_layer_energy/runs/conv2_32pe/scale_sim_output_scale_32pe_energy/action_count.yaml
conv2,32,4x8,systolic_array.PE[1].mac,MAC,mac_random,30239.0,/home/cs25m115/Neural_Acc/exp1/stage7c_per_layer_energy/runs/conv2_32pe/scale_sim_output_scale_32pe_energy/action_count.yaml
conv2,32,4x8,systolic_array.PE[2].mac,MAC,mac_random,30239.0,/home/cs25m115/Neural_Acc/exp1/stage7c_per_layer_energy/runs/conv2_32pe/scale_sim_output_scale_32pe_energy/action_count.yaml
conv2,32,4x8,systolic_array.PE[3].mac,MAC,mac_random,30239.0,/home/cs25m115/Neural_Acc/exp1/stage7c_per_layer_energy/runs/conv2_32pe/scale_sim_output_scale_32pe_energy/action_count.yaml
conv2,32,4x8,systolic_array.PE[4].mac,MAC,mac_random,30239.0,/home/cs25m115/Neural_Acc/exp1/stage7c_per_layer_energy/runs/conv2_32pe/scale_sim_output_scale_32pe_energy/action_count.yaml
conv2,32,4x8,systolic_array.PE[5].mac,MAC,mac_random,30239.0,/home/cs25m115/Neural_Acc/exp1/stage7c_per_layer_energy/runs/conv2_32pe/scale_sim_output_scale_32pe_energy/action_count.yaml
conv2,32,4x8,systolic_array.PE[6].mac,MAC,mac_random,30239.0,/home/cs25m115/Neural_Acc/exp1/stage7c_per_layer_energy/runs/conv2_32pe/scale_sim_output_scale_32pe_energy/action_count.yaml
conv2,32,4x8,systolic_array.PE[7].mac,MAC,mac_random,30239.0,/home/cs25m115/Neural_Acc/exp1/stage7c_per_layer_energy/runs/conv2_32pe/scale_sim_output_scale_32pe_energy/action_count.yaml
conv2,32,4x8,systolic_array.PE[8].mac,MAC,mac_random,30239.0,/home/cs25m115/Neural_Acc/exp1/stage7c_per_layer_energy/runs/conv2_32pe/scale_sim_output_scale_32pe_energy/action_count.yaml
conv2,32,4x8,systolic_array.PE[9].mac,MAC,mac_random,30239.0,/home/cs25m115/Neural_Acc/exp1/stage7c_per_layer_energy/runs/conv2_32pe/scale_sim_output_scale_32pe_energy/action_count.yaml
conv2,32,4x8,systolic_array.PE[10].mac,MAC,mac_random,30239.0,/home/cs25m115/Neural_Acc/exp1/stage7c_per_layer_energy/runs/conv2_32pe/scale_sim_output_scale_32pe_energy/action_count.yaml
conv2,32,4x8,systolic_array.PE[11].mac,MAC,mac_random,30239.0,/home/cs25m115/Neural_Acc/exp1/stage7c_per_layer_energy/runs/conv2_32pe/scale_sim_output_scale_32pe_energy/action_count.yaml
conv2,32,4x8,systolic_array.PE[12].mac,MAC,mac_random,30239.0,/home/cs25m115/Neural_Acc/exp1/stage7c_per_layer_energy/runs/conv2_32pe/scale_sim_output_scale_32pe_energy/action_count.yaml
conv2,32,4x8,systolic_array.PE[13].mac,MAC,mac_random,30239.0,/home/cs25m115/Neural_Acc/exp1/stage7c_per_layer_energy/runs/conv2_32pe/scale_sim_output_scale_32pe_energy/action_count.yaml
conv2,32,4x8,systolic_array.PE[14].mac,MAC,mac_random,30239.0,/home/cs25m115/Neural_Acc/exp1/stage7c_per_layer_energy/runs/conv2_32pe/scale_sim_output_scale_32pe_energy/action_count.yaml
conv2,32,4x8,systolic_array.PE[15].mac,MAC,mac_random,30239.0,/home/cs25m115/Neural_Acc/exp1/stage7c_per_layer_energy/runs/conv2_32pe/scale_sim_output_scale_32pe_energy/action_count.yaml
conv2,32,4x8,systolic_array.PE[16].mac,MAC,mac_random,30239.0,/home/cs25m115/Neural_Acc/exp1/stage7c_per_layer_energy/runs/conv2_32pe/scale_sim_output_scale_32pe_energy/action_count.yaml
conv2,32,4x8,systolic_array.PE[17].mac,MAC,mac_random,30239.0,/home/cs25m115/Neural_Acc/exp1/stage7c_per_layer_energy/runs/conv2_32pe/scale_sim_output_scale_32pe_energy/action_count.yaml
conv2,32,4x8,systolic_array.PE[18].mac,MAC,mac_random,30239.0,/home/cs25m115/Neural_Acc/exp1/stage7c_per_layer_energy/runs/conv2_32pe/scale_sim_output_scale_32pe_energy/action_count.yaml
conv2,32,4x8,systolic_array.PE[19].mac,MAC,mac_random,30239.0,/home/cs25m115/Neural_Acc/exp1/stage7c_per_layer_energy/runs/conv2_32pe/scale_sim_output_scale_32pe_energy/action_count.yaml
conv2,32,4x8,systolic_array.PE[20].mac,MAC,mac_random,30239.0,/home/cs25m115/Neural_Acc/exp1/stage7c_per_layer_energy/runs/conv2_32pe/scale_sim_output_scale_32pe_energy/action_count.yaml
conv2,32,4x8,systolic_array.PE[21].mac,MAC,mac_random,30239.0,/home/cs25m115/Neural_Acc/exp1/stage7c_per_layer_energy/runs/conv2_32pe/scale_sim_output_scale_32pe_energy/action_count.yaml
conv2,32,4x8,systolic_array.PE[22].mac,MAC,mac_random,30239.0,/home/cs25m115/Neural_Acc/exp1/stage7c_per_layer_energy/runs/conv2_32pe/scale_sim_output_scale_32pe_energy/action_count.yaml
conv2,32,4x8,systolic_array.PE[23].mac,MAC,mac_random,30239.0,/home/cs25m115/Neural_Acc/exp1/stage7c_per_layer_energy/runs/conv2_32pe/scale_sim_output_scale_32pe_energy/action_count.yaml
conv2,32,4x8,systolic_array.PE[24].mac,MAC,mac_random,30239.0,/home/cs25m115/Neural_Acc/exp1/stage7c_per_layer_energy/runs/conv2_32pe/scale_sim_output_scale_32pe_energy/action_count.yaml
conv2,32,4x8,systolic_array.PE[25].mac,MAC,mac_random,30239.0,/home/cs25m115/Neural_Acc/exp1/stage7c_per_layer_energy/runs/conv2_32pe/scale_sim_output_scale_32pe_energy/action_count.yaml
conv2,32,4x8,systolic_array.PE[26].mac,MAC,mac_random,30239.0,/home/cs25m115/Neural_Acc/exp1/stage7c_per_layer_energy/runs/conv2_32pe/scale_sim_output_scale_32pe_energy/action_count.yaml
conv2,32,4x8,systolic_array.PE[27].mac,MAC,mac_random,30239.0,/home/cs25m115/Neural_Acc/exp1/stage7c_per_layer_energy/runs/conv2_32pe/scale_sim_output_scale_32pe_energy/action_count.yaml
conv2,32,4x8,systolic_array.PE[28].mac,MAC,mac_random,30239.0,/home/cs25m115/Neural_Acc/exp1/stage7c_per_layer_energy/runs/conv2_32pe/scale_sim_output_scale_32pe_energy/action_count.yaml
conv2,32,4x8,systolic_array.PE[29].mac,MAC,mac_random,30239.0,/home/cs25m115/Neural_Acc/exp1/stage7c_per_layer_energy/runs/conv2_32pe/scale_sim_output_scale_32pe_energy/action_count.yaml
conv2,32,4x8,systolic_array.PE[30].mac,MAC,mac_random,30239.0,/home/cs25m115/Neural_Acc/exp1/stage7c_per_layer_energy/runs/conv2_32pe/scale_sim_output_scale_32pe_energy/action_count.yaml
conv2,32,4x8,systolic_array.PE[31].mac,MAC,mac_random,30239.0,/home/cs25m115/Neural_Acc/exp1/stage7c_per_layer_energy/runs/conv2_32pe/scale_sim_output_scale_32pe_energy/action_count.yaml
conv2,64,8x8,systolic_array.ifmap_dram,DRAM,read,4096.0,/home/cs25m115/Neural_Acc/exp1/stage7c_per_layer_energy/runs/conv2_64pe/scale_sim_output_scale_64pe_energy/action_count.yaml
conv2,64,8x8,systolic_array.ifmap_dram,DRAM,idle,-3178.0,/home/cs25m115/Neural_Acc/exp1/stage7c_per_layer_energy/runs/conv2_64pe/scale_sim_output_scale_64pe_energy/action_count.yaml
conv2,64,8x8,systolic_array.weights_dram,DRAM,read,4608.0,/home/cs25m115/Neural_Acc/exp1/stage7c_per_layer_energy/runs/conv2_64pe/scale_sim_output_scale_64pe_energy/action_count.yaml
conv2,64,8x8,systolic_array.weights_dram,DRAM,idle,-3560.0,/home/cs25m115/Neural_Acc/exp1/stage7c_per_layer_energy/runs/conv2_64pe/scale_sim_output_scale_64pe_energy/action_count.yaml
conv2,64,8x8,systolic_array.psum_dram,DRAM,write,112903.0,/home/cs25m115/Neural_Acc/exp1/stage7c_per_layer_energy/runs/conv2_64pe/scale_sim_output_scale_64pe_energy/action_count.yaml
conv2,64,8x8,systolic_array.psum_dram,DRAM,idle,-86479.0,/home/cs25m115/Neural_Acc/exp1/stage7c_per_layer_energy/runs/conv2_64pe/scale_sim_output_scale_64pe_energy/action_count.yaml
conv2,64,8x8,systolic_array.ifmap_glb,GLB_SRAM,read,33876.0,/home/cs25m115/Neural_Acc/exp1/stage7c_per_layer_energy/runs/conv2_64pe/scale_sim_output_scale_64pe_energy/action_count.yaml
conv2,64,8x8,systolic_array.ifmap_glb,GLB_SRAM,read,79020.0,/home/cs25m115/Neural_Acc/exp1/stage7c_per_layer_energy/runs/conv2_64pe/scale_sim_output_scale_64pe_energy/action_count.yaml
conv2,64,8x8,systolic_array.ifmap_glb,GLB_SRAM,idle,12552.0,/home/cs25m115/Neural_Acc/exp1/stage7c_per_layer_energy/runs/conv2_64pe/scale_sim_output_scale_64pe_energy/action_count.yaml
conv2,64,8x8,systolic_array.weights_glb,GLB_SRAM,read,1382.0,/home/cs25m115/Neural_Acc/exp1/stage7c_per_layer_energy/runs/conv2_64pe/scale_sim_output_scale_64pe_energy/action_count.yaml
conv2,64,8x8,systolic_array.weights_glb,GLB_SRAM,read,3226.0,/home/cs25m115/Neural_Acc/exp1/stage7c_per_layer_energy/runs/conv2_64pe/scale_sim_output_scale_64pe_energy/action_count.yaml
conv2,64,8x8,systolic_array.weights_glb,GLB_SRAM,idle,119280.0,/home/cs25m115/Neural_Acc/exp1/stage7c_per_layer_energy/runs/conv2_64pe/scale_sim_output_scale_64pe_energy/action_count.yaml
conv2,64,8x8,systolic_array.psum_glb,GLB_SRAM,update,33876.0,/home/cs25m115/Neural_Acc/exp1/stage7c_per_layer_energy/runs/conv2_64pe/scale_sim_output_scale_64pe_energy/action_count.yaml
conv2,64,8x8,systolic_array.psum_glb,GLB_SRAM,update,79020.0,/home/cs25m115/Neural_Acc/exp1/stage7c_per_layer_energy/runs/conv2_64pe/scale_sim_output_scale_64pe_energy/action_count.yaml
conv2,64,8x8,systolic_array.psum_glb,GLB_SRAM,idle,12552.0,/home/cs25m115/Neural_Acc/exp1/stage7c_per_layer_energy/runs/conv2_64pe/scale_sim_output_scale_64pe_energy/action_count.yaml
conv2,64,8x8,systolic_array.PE[0].weights_spad,PE_SPAD,write,324.0,/home/cs25m115/Neural_Acc/exp1/stage7c_per_layer_energy/runs/conv2_64pe/scale_sim_output_scale_64pe_energy/action_count.yaml
conv2,64,8x8,systolic_array.PE[0].weights_spad,PE_SPAD,read,14364.0,/home/cs25m115/Neural_Acc/exp1/stage7c_per_layer_energy/runs/conv2_64pe/scale_sim_output_scale_64pe_energy/action_count.yaml
conv2,64,8x8,systolic_array.PE[1].weights_spad,PE_SPAD,write,324.0,/home/cs25m115/Neural_Acc/exp1/stage7c_per_layer_energy/runs/conv2_64pe/scale_sim_output_scale_64pe_energy/action_count.yaml
conv2,64,8x8,systolic_array.PE[1].weights_spad,PE_SPAD,read,14364.0,/home/cs25m115/Neural_Acc/exp1/stage7c_per_layer_energy/runs/conv2_64pe/scale_sim_output_scale_64pe_energy/action_count.yaml
conv2,64,8x8,systolic_array.PE[2].weights_spad,PE_SPAD,write,324.0,/home/cs25m115/Neural_Acc/exp1/stage7c_per_layer_energy/runs/conv2_64pe/scale_sim_output_scale_64pe_energy/action_count.yaml
conv2,64,8x8,systolic_array.PE[2].weights_spad,PE_SPAD,read,14364.0,/home/cs25m115/Neural_Acc/exp1/stage7c_per_layer_energy/runs/conv2_64pe/scale_sim_output_scale_64pe_energy/action_count.yaml
conv2,64,8x8,systolic_array.PE[3].weights_spad,PE_SPAD,write,324.0,/home/cs25m115/Neural_Acc/exp1/stage7c_per_layer_energy/runs/conv2_64pe/scale_sim_output_scale_64pe_energy/action_count.yaml
conv2,64,8x8,systolic_array.PE[3].weights_spad,PE_SPAD,read,14364.0,/home/cs25m115/Neural_Acc/exp1/stage7c_per_layer_energy/runs/conv2_64pe/scale_sim_output_scale_64pe_energy/action_count.yaml
conv2,64,8x8,systolic_array.PE[4].weights_spad,PE_SPAD,write,324.0,/home/cs25m115/Neural_Acc/exp1/stage7c_per_layer_energy/runs/conv2_64pe/scale_sim_output_scale_64pe_energy/action_count.yaml
conv2,64,8x8,systolic_array.PE[4].weights_spad,PE_SPAD,read,14364.0,/home/cs25m115/Neural_Acc/exp1/stage7c_per_layer_energy/runs/conv2_64pe/scale_sim_output_scale_64pe_energy/action_count.yaml
conv2,64,8x8,systolic_array.PE[5].weights_spad,PE_SPAD,write,324.0,/home/cs25m115/Neural_Acc/exp1/stage7c_per_layer_energy/runs/conv2_64pe/scale_sim_output_scale_64pe_energy/action_count.yaml
conv2,64,8x8,systolic_array.PE[5].weights_spad,PE_SPAD,read,14364.0,/home/cs25m115/Neural_Acc/exp1/stage7c_per_layer_energy/runs/conv2_64pe/scale_sim_output_scale_64pe_energy/action_count.yaml
conv2,64,8x8,systolic_array.PE[6].weights_spad,PE_SPAD,write,324.0,/home/cs25m115/Neural_Acc/exp1/stage7c_per_layer_energy/runs/conv2_64pe/scale_sim_output_scale_64pe_energy/action_count.yaml
conv2,64,8x8,systolic_array.PE[6].weights_spad,PE_SPAD,read,14364.0,/home/cs25m115/Neural_Acc/exp1/stage7c_per_layer_energy/runs/conv2_64pe/scale_sim_output_scale_64pe_energy/action_count.yaml
conv2,64,8x8,systolic_array.PE[7].weights_spad,PE_SPAD,write,324.0,/home/cs25m115/Neural_Acc/exp1/stage7c_per_layer_energy/runs/conv2_64pe/scale_sim_output_scale_64pe_energy/action_count.yaml
conv2,64,8x8,systolic_array.PE[7].weights_spad,PE_SPAD,read,14364.0,/home/cs25m115/Neural_Acc/exp1/stage7c_per_layer_energy/runs/conv2_64pe/scale_sim_output_scale_64pe_energy/action_count.yaml
conv2,64,8x8,systolic_array.PE[8].weights_spad,PE_SPAD,write,324.0,/home/cs25m115/Neural_Acc/exp1/stage7c_per_layer_energy/runs/conv2_64pe/scale_sim_output_scale_64pe_energy/action_count.yaml
conv2,64,8x8,systolic_array.PE[8].weights_spad,PE_SPAD,read,14364.0,/home/cs25m115/Neural_Acc/exp1/stage7c_per_layer_energy/runs/conv2_64pe/scale_sim_output_scale_64pe_energy/action_count.yaml
conv2,64,8x8,systolic_array.PE[9].weights_spad,PE_SPAD,write,324.0,/home/cs25m115/Neural_Acc/exp1/stage7c_per_layer_energy/runs/conv2_64pe/scale_sim_output_scale_64pe_energy/action_count.yaml
conv2,64,8x8,systolic_array.PE[9].weights_spad,PE_SPAD,read,14364.0,/home/cs25m115/Neural_Acc/exp1/stage7c_per_layer_energy/runs/conv2_64pe/scale_sim_output_scale_64pe_energy/action_count.yaml
conv2,64,8x8,systolic_array.PE[10].weights_spad,PE_SPAD,write,324.0,/home/cs25m115/Neural_Acc/exp1/stage7c_per_layer_energy/runs/conv2_64pe/scale_sim_output_scale_64pe_energy/action_count.yaml
conv2,64,8x8,systolic_array.PE[10].weights_spad,PE_SPAD,read,14364.0,/home/cs25m115/Neural_Acc/exp1/stage7c_per_layer_energy/runs/conv2_64pe/scale_sim_output_scale_64pe_energy/action_count.yaml
conv2,64,8x8,systolic_array.PE[11].weights_spad,PE_SPAD,write,324.0,/home/cs25m115/Neural_Acc/exp1/stage7c_per_layer_energy/runs/conv2_64pe/scale_sim_output_scale_64pe_energy/action_count.yaml
conv2,64,8x8,systolic_array.PE[11].weights_spad,PE_SPAD,read,14364.0,/home/cs25m115/Neural_Acc/exp1/stage7c_per_layer_energy/runs/conv2_64pe/scale_sim_output_scale_64pe_energy/action_count.yaml
conv2,64,8x8,systolic_array.PE[12].weights_spad,PE_SPAD,write,324.0,/home/cs25m115/Neural_Acc/exp1/stage7c_per_layer_energy/runs/conv2_64pe/scale_sim_output_scale_64pe_energy/action_count.yaml
conv2,64,8x8,systolic_array.PE[12].weights_spad,PE_SPAD,read,14364.0,/home/cs25m115/Neural_Acc/exp1/stage7c_per_layer_energy/runs/conv2_64pe/scale_sim_output_scale_64pe_energy/action_count.yaml
conv2,64,8x8,systolic_array.PE[13].weights_spad,PE_SPAD,write,324.0,/home/cs25m115/Neural_Acc/exp1/stage7c_per_layer_energy/runs/conv2_64pe/scale_sim_output_scale_64pe_energy/action_count.yaml
conv2,64,8x8,systolic_array.PE[13].weights_spad,PE_SPAD,read,14364.0,/home/cs25m115/Neural_Acc/exp1/stage7c_per_layer_energy/runs/conv2_64pe/scale_sim_output_scale_64pe_energy/action_count.yaml
conv2,64,8x8,systolic_array.PE[14].weights_spad,PE_SPAD,write,324.0,/home/cs25m115/Neural_Acc/exp1/stage7c_per_layer_energy/runs/conv2_64pe/scale_sim_output_scale_64pe_energy/action_count.yaml
conv2,64,8x8,systolic_array.PE[14].weights_spad,PE_SPAD,read,14364.0,/home/cs25m115/Neural_Acc/exp1/stage7c_per_layer_energy/runs/conv2_64pe/scale_sim_output_scale_64pe_energy/action_count.yaml
conv2,64,8x8,systolic_array.PE[15].weights_spad,PE_SPAD,write,324.0,/home/cs25m115/Neural_Acc/exp1/stage7c_per_layer_energy/runs/conv2_64pe/scale_sim_output_scale_64pe_energy/action_count.yaml
conv2,64,8x8,systolic_array.PE[15].weights_spad,PE_SPAD,read,14364.0,/home/cs25m115/Neural_Acc/exp1/stage7c_per_layer_energy/runs/conv2_64pe/scale_sim_output_scale_64pe_energy/action_count.yaml
conv2,64,8x8,systolic_array.PE[16].weights_spad,PE_SPAD,write,324.0,/home/cs25m115/Neural_Acc/exp1/stage7c_per_layer_energy/runs/conv2_64pe/scale_sim_output_scale_64pe_energy/action_count.yaml
conv2,64,8x8,systolic_array.PE[16].weights_spad,PE_SPAD,read,14364.0,/home/cs25m115/Neural_Acc/exp1/stage7c_per_layer_energy/runs/conv2_64pe/scale_sim_output_scale_64pe_energy/action_count.yaml
conv2,64,8x8,systolic_array.PE[17].weights_spad,PE_SPAD,write,324.0,/home/cs25m115/Neural_Acc/exp1/stage7c_per_layer_energy/runs/conv2_64pe/scale_sim_output_scale_64pe_energy/action_count.yaml
conv2,64,8x8,systolic_array.PE[17].weights_spad,PE_SPAD,read,14364.0,/home/cs25m115/Neural_Acc/exp1/stage7c_per_layer_energy/runs/conv2_64pe/scale_sim_output_scale_64pe_energy/action_count.yaml
conv2,64,8x8,systolic_array.PE[18].weights_spad,PE_SPAD,write,324.0,/home/cs25m115/Neural_Acc/exp1/stage7c_per_layer_energy/runs/conv2_64pe/scale_sim_output_scale_64pe_energy/action_count.yaml
conv2,64,8x8,systolic_array.PE[18].weights_spad,PE_SPAD,read,14364.0,/home/cs25m115/Neural_Acc/exp1/stage7c_per_layer_energy/runs/conv2_64pe/scale_sim_output_scale_64pe_energy/action_count.yaml
conv2,64,8x8,systolic_array.PE[19].weights_spad,PE_SPAD,write,324.0,/home/cs25m115/Neural_Acc/exp1/stage7c_per_layer_energy/runs/conv2_64pe/scale_sim_output_scale_64pe_energy/action_count.yaml
conv2,64,8x8,systolic_array.PE[19].weights_spad,PE_SPAD,read,14364.0,/home/cs25m115/Neural_Acc/exp1/stage7c_per_layer_energy/runs/conv2_64pe/scale_sim_output_scale_64pe_energy/action_count.yaml
conv2,64,8x8,systolic_array.PE[20].weights_spad,PE_SPAD,write,324.0,/home/cs25m115/Neural_Acc/exp1/stage7c_per_layer_energy/runs/conv2_64pe/scale_sim_output_scale_64pe_energy/action_count.yaml
conv2,64,8x8,systolic_array.PE[20].weights_spad,PE_SPAD,read,14364.0,/home/cs25m115/Neural_Acc/exp1/stage7c_per_layer_energy/runs/conv2_64pe/scale_sim_output_scale_64pe_energy/action_count.yaml
conv2,64,8x8,systolic_array.PE[21].weights_spad,PE_SPAD,write,324.0,/home/cs25m115/Neural_Acc/exp1/stage7c_per_layer_energy/runs/conv2_64pe/scale_sim_output_scale_64pe_energy/action_count.yaml
conv2,64,8x8,systolic_array.PE[21].weights_spad,PE_SPAD,read,14364.0,/home/cs25m115/Neural_Acc/exp1/stage7c_per_layer_energy/runs/conv2_64pe/scale_sim_output_scale_64pe_energy/action_count.yaml
conv2,64,8x8,systolic_array.PE[22].weights_spad,PE_SPAD,write,324.0,/home/cs25m115/Neural_Acc/exp1/stage7c_per_layer_energy/runs/conv2_64pe/scale_sim_output_scale_64pe_energy/action_count.yaml
conv2,64,8x8,systolic_array.PE[22].weights_spad,PE_SPAD,read,14364.0,/home/cs25m115/Neural_Acc/exp1/stage7c_per_layer_energy/runs/conv2_64pe/scale_sim_output_scale_64pe_energy/action_count.yaml
conv2,64,8x8,systolic_array.PE[23].weights_spad,PE_SPAD,write,324.0,/home/cs25m115/Neural_Acc/exp1/stage7c_per_layer_energy/runs/conv2_64pe/scale_sim_output_scale_64pe_energy/action_count.yaml
conv2,64,8x8,systolic_array.PE[23].weights_spad,PE_SPAD,read,14364.0,/home/cs25m115/Neural_Acc/exp1/stage7c_per_layer_energy/runs/conv2_64pe/scale_sim_output_scale_64pe_energy/action_count.yaml
conv2,64,8x8,systolic_array.PE[24].weights_spad,PE_SPAD,write,324.0,/home/cs25m115/Neural_Acc/exp1/stage7c_per_layer_energy/runs/conv2_64pe/scale_sim_output_scale_64pe_energy/action_count.yaml
conv2,64,8x8,systolic_array.PE[24].weights_spad,PE_SPAD,read,14364.0,/home/cs25m115/Neural_Acc/exp1/stage7c_per_layer_energy/runs/conv2_64pe/scale_sim_output_scale_64pe_energy/action_count.yaml
conv2,64,8x8,systolic_array.PE[25].weights_spad,PE_SPAD,write,324.0,/home/cs25m115/Neural_Acc/exp1/stage7c_per_layer_energy/runs/conv2_64pe/scale_sim_output_scale_64pe_energy/action_count.yaml
conv2,64,8x8,systolic_array.PE[25].weights_spad,PE_SPAD,read,14364.0,/home/cs25m115/Neural_Acc/exp1/stage7c_per_layer_energy/runs/conv2_64pe/scale_sim_output_scale_64pe_energy/action_count.yaml
conv2,64,8x8,systolic_array.PE[26].weights_spad,PE_SPAD,write,324.0,/home/cs25m115/Neural_Acc/exp1/stage7c_per_layer_energy/runs/conv2_64pe/scale_sim_output_scale_64pe_energy/action_count.yaml
conv2,64,8x8,systolic_array.PE[26].weights_spad,PE_SPAD,read,14364.0,/home/cs25m115/Neural_Acc/exp1/stage7c_per_layer_energy/runs/conv2_64pe/scale_sim_output_scale_64pe_energy/action_count.yaml
conv2,64,8x8,systolic_array.PE[27].weights_spad,PE_SPAD,write,324.0,/home/cs25m115/Neural_Acc/exp1/stage7c_per_layer_energy/runs/conv2_64pe/scale_sim_output_scale_64pe_energy/action_count.yaml
conv2,64,8x8,systolic_array.PE[27].weights_spad,PE_SPAD,read,14364.0,/home/cs25m115/Neural_Acc/exp1/stage7c_per_layer_energy/runs/conv2_64pe/scale_sim_output_scale_64pe_energy/action_count.yaml
conv2,64,8x8,systolic_array.PE[28].weights_spad,PE_SPAD,write,324.0,/home/cs25m115/Neural_Acc/exp1/stage7c_per_layer_energy/runs/conv2_64pe/scale_sim_output_scale_64pe_energy/action_count.yaml
conv2,64,8x8,systolic_array.PE[28].weights_spad,PE_SPAD,read,14364.0,/home/cs25m115/Neural_Acc/exp1/stage7c_per_layer_energy/runs/conv2_64pe/scale_sim_output_scale_64pe_energy/action_count.yaml
conv2,64,8x8,systolic_array.PE[29].weights_spad,PE_SPAD,write,324.0,/home/cs25m115/Neural_Acc/exp1/stage7c_per_layer_energy/runs/conv2_64pe/scale_sim_output_scale_64pe_energy/action_count.yaml
conv2,64,8x8,systolic_array.PE[29].weights_spad,PE_SPAD,read,14364.0,/home/cs25m115/Neural_Acc/exp1/stage7c_per_layer_energy/runs/conv2_64pe/scale_sim_output_scale_64pe_energy/action_count.yaml
conv2,64,8x8,systolic_array.PE[30].weights_spad,PE_SPAD,write,324.0,/home/cs25m115/Neural_Acc/exp1/stage7c_per_layer_energy/runs/conv2_64pe/scale_sim_output_scale_64pe_energy/action_count.yaml
conv2,64,8x8,systolic_array.PE[30].weights_spad,PE_SPAD,read,14364.0,/home/cs25m115/Neural_Acc/exp1/stage7c_per_layer_energy/runs/conv2_64pe/scale_sim_output_scale_64pe_energy/action_count.yaml
conv2,64,8x8,systolic_array.PE[31].weights_spad,PE_SPAD,write,324.0,/home/cs25m115/Neural_Acc/exp1/stage7c_per_layer_energy/runs/conv2_64pe/scale_sim_output_scale_64pe_energy/action_count.yaml
conv2,64,8x8,systolic_array.PE[31].weights_spad,PE_SPAD,read,14364.0,/home/cs25m115/Neural_Acc/exp1/stage7c_per_layer_energy/runs/conv2_64pe/scale_sim_output_scale_64pe_energy/action_count.yaml
conv2,64,8x8,systolic_array.PE[32].weights_spad,PE_SPAD,write,324.0,/home/cs25m115/Neural_Acc/exp1/stage7c_per_layer_energy/runs/conv2_64pe/scale_sim_output_scale_64pe_energy/action_count.yaml
conv2,64,8x8,systolic_array.PE[32].weights_spad,PE_SPAD,read,14364.0,/home/cs25m115/Neural_Acc/exp1/stage7c_per_layer_energy/runs/conv2_64pe/scale_sim_output_scale_64pe_energy/action_count.yaml
conv2,64,8x8,systolic_array.PE[33].weights_spad,PE_SPAD,write,324.0,/home/cs25m115/Neural_Acc/exp1/stage7c_per_layer_energy/runs/conv2_64pe/scale_sim_output_scale_64pe_energy/action_count.yaml
conv2,64,8x8,systolic_array.PE[33].weights_spad,PE_SPAD,read,14364.0,/home/cs25m115/Neural_Acc/exp1/stage7c_per_layer_energy/runs/conv2_64pe/scale_sim_output_scale_64pe_energy/action_count.yaml
conv2,64,8x8,systolic_array.PE[34].weights_spad,PE_SPAD,write,324.0,/home/cs25m115/Neural_Acc/exp1/stage7c_per_layer_energy/runs/conv2_64pe/scale_sim_output_scale_64pe_energy/action_count.yaml
conv2,64,8x8,systolic_array.PE[34].weights_spad,PE_SPAD,read,14364.0,/home/cs25m115/Neural_Acc/exp1/stage7c_per_layer_energy/runs/conv2_64pe/scale_sim_output_scale_64pe_energy/action_count.yaml
conv2,64,8x8,systolic_array.PE[35].weights_spad,PE_SPAD,write,324.0,/home/cs25m115/Neural_Acc/exp1/stage7c_per_layer_energy/runs/conv2_64pe/scale_sim_output_scale_64pe_energy/action_count.yaml
conv2,64,8x8,systolic_array.PE[35].weights_spad,PE_SPAD,read,14364.0,/home/cs25m115/Neural_Acc/exp1/stage7c_per_layer_energy/runs/conv2_64pe/scale_sim_output_scale_64pe_energy/action_count.yaml
conv2,64,8x8,systolic_array.PE[36].weights_spad,PE_SPAD,write,324.0,/home/cs25m115/Neural_Acc/exp1/stage7c_per_layer_energy/runs/conv2_64pe/scale_sim_output_scale_64pe_energy/action_count.yaml
conv2,64,8x8,systolic_array.PE[36].weights_spad,PE_SPAD,read,14364.0,/home/cs25m115/Neural_Acc/exp1/stage7c_per_layer_energy/runs/conv2_64pe/scale_sim_output_scale_64pe_energy/action_count.yaml
conv2,64,8x8,systolic_array.PE[37].weights_spad,PE_SPAD,write,324.0,/home/cs25m115/Neural_Acc/exp1/stage7c_per_layer_energy/runs/conv2_64pe/scale_sim_output_scale_64pe_energy/action_count.yaml
conv2,64,8x8,systolic_array.PE[37].weights_spad,PE_SPAD,read,14364.0,/home/cs25m115/Neural_Acc/exp1/stage7c_per_layer_energy/runs/conv2_64pe/scale_sim_output_scale_64pe_energy/action_count.yaml
conv2,64,8x8,systolic_array.PE[38].weights_spad,PE_SPAD,write,324.0,/home/cs25m115/Neural_Acc/exp1/stage7c_per_layer_energy/runs/conv2_64pe/scale_sim_output_scale_64pe_energy/action_count.yaml
conv2,64,8x8,systolic_array.PE[38].weights_spad,PE_SPAD,read,14364.0,/home/cs25m115/Neural_Acc/exp1/stage7c_per_layer_energy/runs/conv2_64pe/scale_sim_output_scale_64pe_energy/action_count.yaml
conv2,64,8x8,systolic_array.PE[39].weights_spad,PE_SPAD,write,324.0,/home/cs25m115/Neural_Acc/exp1/stage7c_per_layer_energy/runs/conv2_64pe/scale_sim_output_scale_64pe_energy/action_count.yaml
conv2,64,8x8,systolic_array.PE[39].weights_spad,PE_SPAD,read,14364.0,/home/cs25m115/Neural_Acc/exp1/stage7c_per_layer_energy/runs/conv2_64pe/scale_sim_output_scale_64pe_energy/action_count.yaml
conv2,64,8x8,systolic_array.PE[40].weights_spad,PE_SPAD,write,324.0,/home/cs25m115/Neural_Acc/exp1/stage7c_per_layer_energy/runs/conv2_64pe/scale_sim_output_scale_64pe_energy/action_count.yaml
conv2,64,8x8,systolic_array.PE[40].weights_spad,PE_SPAD,read,14364.0,/home/cs25m115/Neural_Acc/exp1/stage7c_per_layer_energy/runs/conv2_64pe/scale_sim_output_scale_64pe_energy/action_count.yaml
conv2,64,8x8,systolic_array.PE[41].weights_spad,PE_SPAD,write,324.0,/home/cs25m115/Neural_Acc/exp1/stage7c_per_layer_energy/runs/conv2_64pe/scale_sim_output_scale_64pe_energy/action_count.yaml
conv2,64,8x8,systolic_array.PE[41].weights_spad,PE_SPAD,read,14364.0,/home/cs25m115/Neural_Acc/exp1/stage7c_per_layer_energy/runs/conv2_64pe/scale_sim_output_scale_64pe_energy/action_count.yaml
conv2,64,8x8,systolic_array.PE[42].weights_spad,PE_SPAD,write,324.0,/home/cs25m115/Neural_Acc/exp1/stage7c_per_layer_energy/runs/conv2_64pe/scale_sim_output_scale_64pe_energy/action_count.yaml
conv2,64,8x8,systolic_array.PE[42].weights_spad,PE_SPAD,read,14364.0,/home/cs25m115/Neural_Acc/exp1/stage7c_per_layer_energy/runs/conv2_64pe/scale_sim_output_scale_64pe_energy/action_count.yaml
conv2,64,8x8,systolic_array.PE[43].weights_spad,PE_SPAD,write,324.0,/home/cs25m115/Neural_Acc/exp1/stage7c_per_layer_energy/runs/conv2_64pe/scale_sim_output_scale_64pe_energy/action_count.yaml
conv2,64,8x8,systolic_array.PE[43].weights_spad,PE_SPAD,read,14364.0,/home/cs25m115/Neural_Acc/exp1/stage7c_per_layer_energy/runs/conv2_64pe/scale_sim_output_scale_64pe_energy/action_count.yaml
conv2,64,8x8,systolic_array.PE[44].weights_spad,PE_SPAD,write,324.0,/home/cs25m115/Neural_Acc/exp1/stage7c_per_layer_energy/runs/conv2_64pe/scale_sim_output_scale_64pe_energy/action_count.yaml
conv2,64,8x8,systolic_array.PE[44].weights_spad,PE_SPAD,read,14364.0,/home/cs25m115/Neural_Acc/exp1/stage7c_per_layer_energy/runs/conv2_64pe/scale_sim_output_scale_64pe_energy/action_count.yaml
conv2,64,8x8,systolic_array.PE[45].weights_spad,PE_SPAD,write,324.0,/home/cs25m115/Neural_Acc/exp1/stage7c_per_layer_energy/runs/conv2_64pe/scale_sim_output_scale_64pe_energy/action_count.yaml
conv2,64,8x8,systolic_array.PE[45].weights_spad,PE_SPAD,read,14364.0,/home/cs25m115/Neural_Acc/exp1/stage7c_per_layer_energy/runs/conv2_64pe/scale_sim_output_scale_64pe_energy/action_count.yaml
conv2,64,8x8,systolic_array.PE[46].weights_spad,PE_SPAD,write,324.0,/home/cs25m115/Neural_Acc/exp1/stage7c_per_layer_energy/runs/conv2_64pe/scale_sim_output_scale_64pe_energy/action_count.yaml
conv2,64,8x8,systolic_array.PE[46].weights_spad,PE_SPAD,read,14364.0,/home/cs25m115/Neural_Acc/exp1/stage7c_per_layer_energy/runs/conv2_64pe/scale_sim_output_scale_64pe_energy/action_count.yaml
conv2,64,8x8,systolic_array.PE[47].weights_spad,PE_SPAD,write,324.0,/home/cs25m115/Neural_Acc/exp1/stage7c_per_layer_energy/runs/conv2_64pe/scale_sim_output_scale_64pe_energy/action_count.yaml
conv2,64,8x8,systolic_array.PE[47].weights_spad,PE_SPAD,read,14364.0,/home/cs25m115/Neural_Acc/exp1/stage7c_per_layer_energy/runs/conv2_64pe/scale_sim_output_scale_64pe_energy/action_count.yaml
conv2,64,8x8,systolic_array.PE[48].weights_spad,PE_SPAD,write,324.0,/home/cs25m115/Neural_Acc/exp1/stage7c_per_layer_energy/runs/conv2_64pe/scale_sim_output_scale_64pe_energy/action_count.yaml
conv2,64,8x8,systolic_array.PE[48].weights_spad,PE_SPAD,read,14364.0,/home/cs25m115/Neural_Acc/exp1/stage7c_per_layer_energy/runs/conv2_64pe/scale_sim_output_scale_64pe_energy/action_count.yaml
conv2,64,8x8,systolic_array.PE[49].weights_spad,PE_SPAD,write,324.0,/home/cs25m115/Neural_Acc/exp1/stage7c_per_layer_energy/runs/conv2_64pe/scale_sim_output_scale_64pe_energy/action_count.yaml
conv2,64,8x8,systolic_array.PE[49].weights_spad,PE_SPAD,read,14364.0,/home/cs25m115/Neural_Acc/exp1/stage7c_per_layer_energy/runs/conv2_64pe/scale_sim_output_scale_64pe_energy/action_count.yaml
conv2,64,8x8,systolic_array.PE[50].weights_spad,PE_SPAD,write,324.0,/home/cs25m115/Neural_Acc/exp1/stage7c_per_layer_energy/runs/conv2_64pe/scale_sim_output_scale_64pe_energy/action_count.yaml
conv2,64,8x8,systolic_array.PE[50].weights_spad,PE_SPAD,read,14364.0,/home/cs25m115/Neural_Acc/exp1/stage7c_per_layer_energy/runs/conv2_64pe/scale_sim_output_scale_64pe_energy/action_count.yaml
conv2,64,8x8,systolic_array.PE[51].weights_spad,PE_SPAD,write,324.0,/home/cs25m115/Neural_Acc/exp1/stage7c_per_layer_energy/runs/conv2_64pe/scale_sim_output_scale_64pe_energy/action_count.yaml
conv2,64,8x8,systolic_array.PE[51].weights_spad,PE_SPAD,read,14364.0,/home/cs25m115/Neural_Acc/exp1/stage7c_per_layer_energy/runs/conv2_64pe/scale_sim_output_scale_64pe_energy/action_count.yaml
conv2,64,8x8,systolic_array.PE[52].weights_spad,PE_SPAD,write,324.0,/home/cs25m115/Neural_Acc/exp1/stage7c_per_layer_energy/runs/conv2_64pe/scale_sim_output_scale_64pe_energy/action_count.yaml
conv2,64,8x8,systolic_array.PE[52].weights_spad,PE_SPAD,read,14364.0,/home/cs25m115/Neural_Acc/exp1/stage7c_per_layer_energy/runs/conv2_64pe/scale_sim_output_scale_64pe_energy/action_count.yaml
conv2,64,8x8,systolic_array.PE[53].weights_spad,PE_SPAD,write,324.0,/home/cs25m115/Neural_Acc/exp1/stage7c_per_layer_energy/runs/conv2_64pe/scale_sim_output_scale_64pe_energy/action_count.yaml
conv2,64,8x8,systolic_array.PE[53].weights_spad,PE_SPAD,read,14364.0,/home/cs25m115/Neural_Acc/exp1/stage7c_per_layer_energy/runs/conv2_64pe/scale_sim_output_scale_64pe_energy/action_count.yaml
conv2,64,8x8,systolic_array.PE[54].weights_spad,PE_SPAD,write,324.0,/home/cs25m115/Neural_Acc/exp1/stage7c_per_layer_energy/runs/conv2_64pe/scale_sim_output_scale_64pe_energy/action_count.yaml
conv2,64,8x8,systolic_array.PE[54].weights_spad,PE_SPAD,read,14364.0,/home/cs25m115/Neural_Acc/exp1/stage7c_per_layer_energy/runs/conv2_64pe/scale_sim_output_scale_64pe_energy/action_count.yaml
conv2,64,8x8,systolic_array.PE[55].weights_spad,PE_SPAD,write,324.0,/home/cs25m115/Neural_Acc/exp1/stage7c_per_layer_energy/runs/conv2_64pe/scale_sim_output_scale_64pe_energy/action_count.yaml
conv2,64,8x8,systolic_array.PE[55].weights_spad,PE_SPAD,read,14364.0,/home/cs25m115/Neural_Acc/exp1/stage7c_per_layer_energy/runs/conv2_64pe/scale_sim_output_scale_64pe_energy/action_count.yaml
conv2,64,8x8,systolic_array.PE[56].weights_spad,PE_SPAD,write,324.0,/home/cs25m115/Neural_Acc/exp1/stage7c_per_layer_energy/runs/conv2_64pe/scale_sim_output_scale_64pe_energy/action_count.yaml
conv2,64,8x8,systolic_array.PE[56].weights_spad,PE_SPAD,read,14364.0,/home/cs25m115/Neural_Acc/exp1/stage7c_per_layer_energy/runs/conv2_64pe/scale_sim_output_scale_64pe_energy/action_count.yaml
conv2,64,8x8,systolic_array.PE[57].weights_spad,PE_SPAD,write,324.0,/home/cs25m115/Neural_Acc/exp1/stage7c_per_layer_energy/runs/conv2_64pe/scale_sim_output_scale_64pe_energy/action_count.yaml
conv2,64,8x8,systolic_array.PE[57].weights_spad,PE_SPAD,read,14364.0,/home/cs25m115/Neural_Acc/exp1/stage7c_per_layer_energy/runs/conv2_64pe/scale_sim_output_scale_64pe_energy/action_count.yaml
conv2,64,8x8,systolic_array.PE[58].weights_spad,PE_SPAD,write,324.0,/home/cs25m115/Neural_Acc/exp1/stage7c_per_layer_energy/runs/conv2_64pe/scale_sim_output_scale_64pe_energy/action_count.yaml
conv2,64,8x8,systolic_array.PE[58].weights_spad,PE_SPAD,read,14364.0,/home/cs25m115/Neural_Acc/exp1/stage7c_per_layer_energy/runs/conv2_64pe/scale_sim_output_scale_64pe_energy/action_count.yaml
conv2,64,8x8,systolic_array.PE[59].weights_spad,PE_SPAD,write,324.0,/home/cs25m115/Neural_Acc/exp1/stage7c_per_layer_energy/runs/conv2_64pe/scale_sim_output_scale_64pe_energy/action_count.yaml
conv2,64,8x8,systolic_array.PE[59].weights_spad,PE_SPAD,read,14364.0,/home/cs25m115/Neural_Acc/exp1/stage7c_per_layer_energy/runs/conv2_64pe/scale_sim_output_scale_64pe_energy/action_count.yaml
conv2,64,8x8,systolic_array.PE[60].weights_spad,PE_SPAD,write,324.0,/home/cs25m115/Neural_Acc/exp1/stage7c_per_layer_energy/runs/conv2_64pe/scale_sim_output_scale_64pe_energy/action_count.yaml
conv2,64,8x8,systolic_array.PE[60].weights_spad,PE_SPAD,read,14364.0,/home/cs25m115/Neural_Acc/exp1/stage7c_per_layer_energy/runs/conv2_64pe/scale_sim_output_scale_64pe_energy/action_count.yaml
conv2,64,8x8,systolic_array.PE[61].weights_spad,PE_SPAD,write,324.0,/home/cs25m115/Neural_Acc/exp1/stage7c_per_layer_energy/runs/conv2_64pe/scale_sim_output_scale_64pe_energy/action_count.yaml
conv2,64,8x8,systolic_array.PE[61].weights_spad,PE_SPAD,read,14364.0,/home/cs25m115/Neural_Acc/exp1/stage7c_per_layer_energy/runs/conv2_64pe/scale_sim_output_scale_64pe_energy/action_count.yaml
conv2,64,8x8,systolic_array.PE[62].weights_spad,PE_SPAD,write,324.0,/home/cs25m115/Neural_Acc/exp1/stage7c_per_layer_energy/runs/conv2_64pe/scale_sim_output_scale_64pe_energy/action_count.yaml
conv2,64,8x8,systolic_array.PE[62].weights_spad,PE_SPAD,read,14364.0,/home/cs25m115/Neural_Acc/exp1/stage7c_per_layer_energy/runs/conv2_64pe/scale_sim_output_scale_64pe_energy/action_count.yaml
conv2,64,8x8,systolic_array.PE[63].weights_spad,PE_SPAD,write,324.0,/home/cs25m115/Neural_Acc/exp1/stage7c_per_layer_energy/runs/conv2_64pe/scale_sim_output_scale_64pe_energy/action_count.yaml
conv2,64,8x8,systolic_array.PE[63].weights_spad,PE_SPAD,read,14364.0,/home/cs25m115/Neural_Acc/exp1/stage7c_per_layer_energy/runs/conv2_64pe/scale_sim_output_scale_64pe_energy/action_count.yaml
conv2,64,8x8,systolic_array.PE[0].ifmap_spad,PE_SPAD,write,14112.0,/home/cs25m115/Neural_Acc/exp1/stage7c_per_layer_energy/runs/conv2_64pe/scale_sim_output_scale_64pe_energy/action_count.yaml
conv2,64,8x8,systolic_array.PE[0].ifmap_spad,PE_SPAD,read,26460.0,/home/cs25m115/Neural_Acc/exp1/stage7c_per_layer_energy/runs/conv2_64pe/scale_sim_output_scale_64pe_energy/action_count.yaml
conv2,64,8x8,systolic_array.PE[1].ifmap_spad,PE_SPAD,write,14112.0,/home/cs25m115/Neural_Acc/exp1/stage7c_per_layer_energy/runs/conv2_64pe/scale_sim_output_scale_64pe_energy/action_count.yaml
conv2,64,8x8,systolic_array.PE[1].ifmap_spad,PE_SPAD,read,26460.0,/home/cs25m115/Neural_Acc/exp1/stage7c_per_layer_energy/runs/conv2_64pe/scale_sim_output_scale_64pe_energy/action_count.yaml
conv2,64,8x8,systolic_array.PE[2].ifmap_spad,PE_SPAD,write,14112.0,/home/cs25m115/Neural_Acc/exp1/stage7c_per_layer_energy/runs/conv2_64pe/scale_sim_output_scale_64pe_energy/action_count.yaml
conv2,64,8x8,systolic_array.PE[2].ifmap_spad,PE_SPAD,read,26460.0,/home/cs25m115/Neural_Acc/exp1/stage7c_per_layer_energy/runs/conv2_64pe/scale_sim_output_scale_64pe_energy/action_count.yaml
conv2,64,8x8,systolic_array.PE[3].ifmap_spad,PE_SPAD,write,14112.0,/home/cs25m115/Neural_Acc/exp1/stage7c_per_layer_energy/runs/conv2_64pe/scale_sim_output_scale_64pe_energy/action_count.yaml
conv2,64,8x8,systolic_array.PE[3].ifmap_spad,PE_SPAD,read,26460.0,/home/cs25m115/Neural_Acc/exp1/stage7c_per_layer_energy/runs/conv2_64pe/scale_sim_output_scale_64pe_energy/action_count.yaml
conv2,64,8x8,systolic_array.PE[4].ifmap_spad,PE_SPAD,write,14112.0,/home/cs25m115/Neural_Acc/exp1/stage7c_per_layer_energy/runs/conv2_64pe/scale_sim_output_scale_64pe_energy/action_count.yaml
conv2,64,8x8,systolic_array.PE[4].ifmap_spad,PE_SPAD,read,26460.0,/home/cs25m115/Neural_Acc/exp1/stage7c_per_layer_energy/runs/conv2_64pe/scale_sim_output_scale_64pe_energy/action_count.yaml
conv2,64,8x8,systolic_array.PE[5].ifmap_spad,PE_SPAD,write,14112.0,/home/cs25m115/Neural_Acc/exp1/stage7c_per_layer_energy/runs/conv2_64pe/scale_sim_output_scale_64pe_energy/action_count.yaml
conv2,64,8x8,systolic_array.PE[5].ifmap_spad,PE_SPAD,read,26460.0,/home/cs25m115/Neural_Acc/exp1/stage7c_per_layer_energy/runs/conv2_64pe/scale_sim_output_scale_64pe_energy/action_count.yaml
conv2,64,8x8,systolic_array.PE[6].ifmap_spad,PE_SPAD,write,14112.0,/home/cs25m115/Neural_Acc/exp1/stage7c_per_layer_energy/runs/conv2_64pe/scale_sim_output_scale_64pe_energy/action_count.yaml
conv2,64,8x8,systolic_array.PE[6].ifmap_spad,PE_SPAD,read,26460.0,/home/cs25m115/Neural_Acc/exp1/stage7c_per_layer_energy/runs/conv2_64pe/scale_sim_output_scale_64pe_energy/action_count.yaml
conv2,64,8x8,systolic_array.PE[7].ifmap_spad,PE_SPAD,write,14112.0,/home/cs25m115/Neural_Acc/exp1/stage7c_per_layer_energy/runs/conv2_64pe/scale_sim_output_scale_64pe_energy/action_count.yaml
conv2,64,8x8,systolic_array.PE[7].ifmap_spad,PE_SPAD,read,26460.0,/home/cs25m115/Neural_Acc/exp1/stage7c_per_layer_energy/runs/conv2_64pe/scale_sim_output_scale_64pe_energy/action_count.yaml
conv2,64,8x8,systolic_array.PE[8].ifmap_spad,PE_SPAD,write,14112.0,/home/cs25m115/Neural_Acc/exp1/stage7c_per_layer_energy/runs/conv2_64pe/scale_sim_output_scale_64pe_energy/action_count.yaml
conv2,64,8x8,systolic_array.PE[8].ifmap_spad,PE_SPAD,read,26460.0,/home/cs25m115/Neural_Acc/exp1/stage7c_per_layer_energy/runs/conv2_64pe/scale_sim_output_scale_64pe_energy/action_count.yaml
conv2,64,8x8,systolic_array.PE[9].ifmap_spad,PE_SPAD,write,14112.0,/home/cs25m115/Neural_Acc/exp1/stage7c_per_layer_energy/runs/conv2_64pe/scale_sim_output_scale_64pe_energy/action_count.yaml
conv2,64,8x8,systolic_array.PE[9].ifmap_spad,PE_SPAD,read,26460.0,/home/cs25m115/Neural_Acc/exp1/stage7c_per_layer_energy/runs/conv2_64pe/scale_sim_output_scale_64pe_energy/action_count.yaml
conv2,64,8x8,systolic_array.PE[10].ifmap_spad,PE_SPAD,write,14112.0,/home/cs25m115/Neural_Acc/exp1/stage7c_per_layer_energy/runs/conv2_64pe/scale_sim_output_scale_64pe_energy/action_count.yaml
conv2,64,8x8,systolic_array.PE[10].ifmap_spad,PE_SPAD,read,26460.0,/home/cs25m115/Neural_Acc/exp1/stage7c_per_layer_energy/runs/conv2_64pe/scale_sim_output_scale_64pe_energy/action_count.yaml
conv2,64,8x8,systolic_array.PE[11].ifmap_spad,PE_SPAD,write,14112.0,/home/cs25m115/Neural_Acc/exp1/stage7c_per_layer_energy/runs/conv2_64pe/scale_sim_output_scale_64pe_energy/action_count.yaml
conv2,64,8x8,systolic_array.PE[11].ifmap_spad,PE_SPAD,read,26460.0,/home/cs25m115/Neural_Acc/exp1/stage7c_per_layer_energy/runs/conv2_64pe/scale_sim_output_scale_64pe_energy/action_count.yaml
conv2,64,8x8,systolic_array.PE[12].ifmap_spad,PE_SPAD,write,14112.0,/home/cs25m115/Neural_Acc/exp1/stage7c_per_layer_energy/runs/conv2_64pe/scale_sim_output_scale_64pe_energy/action_count.yaml
conv2,64,8x8,systolic_array.PE[12].ifmap_spad,PE_SPAD,read,26460.0,/home/cs25m115/Neural_Acc/exp1/stage7c_per_layer_energy/runs/conv2_64pe/scale_sim_output_scale_64pe_energy/action_count.yaml
conv2,64,8x8,systolic_array.PE[13].ifmap_spad,PE_SPAD,write,14112.0,/home/cs25m115/Neural_Acc/exp1/stage7c_per_layer_energy/runs/conv2_64pe/scale_sim_output_scale_64pe_energy/action_count.yaml
conv2,64,8x8,systolic_array.PE[13].ifmap_spad,PE_SPAD,read,26460.0,/home/cs25m115/Neural_Acc/exp1/stage7c_per_layer_energy/runs/conv2_64pe/scale_sim_output_scale_64pe_energy/action_count.yaml
conv2,64,8x8,systolic_array.PE[14].ifmap_spad,PE_SPAD,write,14112.0,/home/cs25m115/Neural_Acc/exp1/stage7c_per_layer_energy/runs/conv2_64pe/scale_sim_output_scale_64pe_energy/action_count.yaml
conv2,64,8x8,systolic_array.PE[14].ifmap_spad,PE_SPAD,read,26460.0,/home/cs25m115/Neural_Acc/exp1/stage7c_per_layer_energy/runs/conv2_64pe/scale_sim_output_scale_64pe_energy/action_count.yaml
conv2,64,8x8,systolic_array.PE[15].ifmap_spad,PE_SPAD,write,14112.0,/home/cs25m115/Neural_Acc/exp1/stage7c_per_layer_energy/runs/conv2_64pe/scale_sim_output_scale_64pe_energy/action_count.yaml
conv2,64,8x8,systolic_array.PE[15].ifmap_spad,PE_SPAD,read,26460.0,/home/cs25m115/Neural_Acc/exp1/stage7c_per_layer_energy/runs/conv2_64pe/scale_sim_output_scale_64pe_energy/action_count.yaml
conv2,64,8x8,systolic_array.PE[16].ifmap_spad,PE_SPAD,write,14112.0,/home/cs25m115/Neural_Acc/exp1/stage7c_per_layer_energy/runs/conv2_64pe/scale_sim_output_scale_64pe_energy/action_count.yaml
conv2,64,8x8,systolic_array.PE[16].ifmap_spad,PE_SPAD,read,26460.0,/home/cs25m115/Neural_Acc/exp1/stage7c_per_layer_energy/runs/conv2_64pe/scale_sim_output_scale_64pe_energy/action_count.yaml
conv2,64,8x8,systolic_array.PE[17].ifmap_spad,PE_SPAD,write,14112.0,/home/cs25m115/Neural_Acc/exp1/stage7c_per_layer_energy/runs/conv2_64pe/scale_sim_output_scale_64pe_energy/action_count.yaml
conv2,64,8x8,systolic_array.PE[17].ifmap_spad,PE_SPAD,read,26460.0,/home/cs25m115/Neural_Acc/exp1/stage7c_per_layer_energy/runs/conv2_64pe/scale_sim_output_scale_64pe_energy/action_count.yaml
conv2,64,8x8,systolic_array.PE[18].ifmap_spad,PE_SPAD,write,14112.0,/home/cs25m115/Neural_Acc/exp1/stage7c_per_layer_energy/runs/conv2_64pe/scale_sim_output_scale_64pe_energy/action_count.yaml
conv2,64,8x8,systolic_array.PE[18].ifmap_spad,PE_SPAD,read,26460.0,/home/cs25m115/Neural_Acc/exp1/stage7c_per_layer_energy/runs/conv2_64pe/scale_sim_output_scale_64pe_energy/action_count.yaml
conv2,64,8x8,systolic_array.PE[19].ifmap_spad,PE_SPAD,write,14112.0,/home/cs25m115/Neural_Acc/exp1/stage7c_per_layer_energy/runs/conv2_64pe/scale_sim_output_scale_64pe_energy/action_count.yaml
conv2,64,8x8,systolic_array.PE[19].ifmap_spad,PE_SPAD,read,26460.0,/home/cs25m115/Neural_Acc/exp1/stage7c_per_layer_energy/runs/conv2_64pe/scale_sim_output_scale_64pe_energy/action_count.yaml
conv2,64,8x8,systolic_array.PE[20].ifmap_spad,PE_SPAD,write,14112.0,/home/cs25m115/Neural_Acc/exp1/stage7c_per_layer_energy/runs/conv2_64pe/scale_sim_output_scale_64pe_energy/action_count.yaml
conv2,64,8x8,systolic_array.PE[20].ifmap_spad,PE_SPAD,read,26460.0,/home/cs25m115/Neural_Acc/exp1/stage7c_per_layer_energy/runs/conv2_64pe/scale_sim_output_scale_64pe_energy/action_count.yaml
conv2,64,8x8,systolic_array.PE[21].ifmap_spad,PE_SPAD,write,14112.0,/home/cs25m115/Neural_Acc/exp1/stage7c_per_layer_energy/runs/conv2_64pe/scale_sim_output_scale_64pe_energy/action_count.yaml
conv2,64,8x8,systolic_array.PE[21].ifmap_spad,PE_SPAD,read,26460.0,/home/cs25m115/Neural_Acc/exp1/stage7c_per_layer_energy/runs/conv2_64pe/scale_sim_output_scale_64pe_energy/action_count.yaml
conv2,64,8x8,systolic_array.PE[22].ifmap_spad,PE_SPAD,write,14112.0,/home/cs25m115/Neural_Acc/exp1/stage7c_per_layer_energy/runs/conv2_64pe/scale_sim_output_scale_64pe_energy/action_count.yaml
conv2,64,8x8,systolic_array.PE[22].ifmap_spad,PE_SPAD,read,26460.0,/home/cs25m115/Neural_Acc/exp1/stage7c_per_layer_energy/runs/conv2_64pe/scale_sim_output_scale_64pe_energy/action_count.yaml
conv2,64,8x8,systolic_array.PE[23].ifmap_spad,PE_SPAD,write,14112.0,/home/cs25m115/Neural_Acc/exp1/stage7c_per_layer_energy/runs/conv2_64pe/scale_sim_output_scale_64pe_energy/action_count.yaml
conv2,64,8x8,systolic_array.PE[23].ifmap_spad,PE_SPAD,read,26460.0,/home/cs25m115/Neural_Acc/exp1/stage7c_per_layer_energy/runs/conv2_64pe/scale_sim_output_scale_64pe_energy/action_count.yaml
conv2,64,8x8,systolic_array.PE[24].ifmap_spad,PE_SPAD,write,14112.0,/home/cs25m115/Neural_Acc/exp1/stage7c_per_layer_energy/runs/conv2_64pe/scale_sim_output_scale_64pe_energy/action_count.yaml
conv2,64,8x8,systolic_array.PE[24].ifmap_spad,PE_SPAD,read,26460.0,/home/cs25m115/Neural_Acc/exp1/stage7c_per_layer_energy/runs/conv2_64pe/scale_sim_output_scale_64pe_energy/action_count.yaml
conv2,64,8x8,systolic_array.PE[25].ifmap_spad,PE_SPAD,write,14112.0,/home/cs25m115/Neural_Acc/exp1/stage7c_per_layer_energy/runs/conv2_64pe/scale_sim_output_scale_64pe_energy/action_count.yaml
conv2,64,8x8,systolic_array.PE[25].ifmap_spad,PE_SPAD,read,26460.0,/home/cs25m115/Neural_Acc/exp1/stage7c_per_layer_energy/runs/conv2_64pe/scale_sim_output_scale_64pe_energy/action_count.yaml
conv2,64,8x8,systolic_array.PE[26].ifmap_spad,PE_SPAD,write,14112.0,/home/cs25m115/Neural_Acc/exp1/stage7c_per_layer_energy/runs/conv2_64pe/scale_sim_output_scale_64pe_energy/action_count.yaml
conv2,64,8x8,systolic_array.PE[26].ifmap_spad,PE_SPAD,read,26460.0,/home/cs25m115/Neural_Acc/exp1/stage7c_per_layer_energy/runs/conv2_64pe/scale_sim_output_scale_64pe_energy/action_count.yaml
conv2,64,8x8,systolic_array.PE[27].ifmap_spad,PE_SPAD,write,14112.0,/home/cs25m115/Neural_Acc/exp1/stage7c_per_layer_energy/runs/conv2_64pe/scale_sim_output_scale_64pe_energy/action_count.yaml
conv2,64,8x8,systolic_array.PE[27].ifmap_spad,PE_SPAD,read,26460.0,/home/cs25m115/Neural_Acc/exp1/stage7c_per_layer_energy/runs/conv2_64pe/scale_sim_output_scale_64pe_energy/action_count.yaml
conv2,64,8x8,systolic_array.PE[28].ifmap_spad,PE_SPAD,write,14112.0,/home/cs25m115/Neural_Acc/exp1/stage7c_per_layer_energy/runs/conv2_64pe/scale_sim_output_scale_64pe_energy/action_count.yaml
conv2,64,8x8,systolic_array.PE[28].ifmap_spad,PE_SPAD,read,26460.0,/home/cs25m115/Neural_Acc/exp1/stage7c_per_layer_energy/runs/conv2_64pe/scale_sim_output_scale_64pe_energy/action_count.yaml
conv2,64,8x8,systolic_array.PE[29].ifmap_spad,PE_SPAD,write,14112.0,/home/cs25m115/Neural_Acc/exp1/stage7c_per_layer_energy/runs/conv2_64pe/scale_sim_output_scale_64pe_energy/action_count.yaml
conv2,64,8x8,systolic_array.PE[29].ifmap_spad,PE_SPAD,read,26460.0,/home/cs25m115/Neural_Acc/exp1/stage7c_per_layer_energy/runs/conv2_64pe/scale_sim_output_scale_64pe_energy/action_count.yaml
conv2,64,8x8,systolic_array.PE[30].ifmap_spad,PE_SPAD,write,14112.0,/home/cs25m115/Neural_Acc/exp1/stage7c_per_layer_energy/runs/conv2_64pe/scale_sim_output_scale_64pe_energy/action_count.yaml
conv2,64,8x8,systolic_array.PE[30].ifmap_spad,PE_SPAD,read,26460.0,/home/cs25m115/Neural_Acc/exp1/stage7c_per_layer_energy/runs/conv2_64pe/scale_sim_output_scale_64pe_energy/action_count.yaml
conv2,64,8x8,systolic_array.PE[31].ifmap_spad,PE_SPAD,write,14112.0,/home/cs25m115/Neural_Acc/exp1/stage7c_per_layer_energy/runs/conv2_64pe/scale_sim_output_scale_64pe_energy/action_count.yaml
conv2,64,8x8,systolic_array.PE[31].ifmap_spad,PE_SPAD,read,26460.0,/home/cs25m115/Neural_Acc/exp1/stage7c_per_layer_energy/runs/conv2_64pe/scale_sim_output_scale_64pe_energy/action_count.yaml
conv2,64,8x8,systolic_array.PE[32].ifmap_spad,PE_SPAD,write,14112.0,/home/cs25m115/Neural_Acc/exp1/stage7c_per_layer_energy/runs/conv2_64pe/scale_sim_output_scale_64pe_energy/action_count.yaml
conv2,64,8x8,systolic_array.PE[32].ifmap_spad,PE_SPAD,read,26460.0,/home/cs25m115/Neural_Acc/exp1/stage7c_per_layer_energy/runs/conv2_64pe/scale_sim_output_scale_64pe_energy/action_count.yaml
conv2,64,8x8,systolic_array.PE[33].ifmap_spad,PE_SPAD,write,14112.0,/home/cs25m115/Neural_Acc/exp1/stage7c_per_layer_energy/runs/conv2_64pe/scale_sim_output_scale_64pe_energy/action_count.yaml
conv2,64,8x8,systolic_array.PE[33].ifmap_spad,PE_SPAD,read,26460.0,/home/cs25m115/Neural_Acc/exp1/stage7c_per_layer_energy/runs/conv2_64pe/scale_sim_output_scale_64pe_energy/action_count.yaml
conv2,64,8x8,systolic_array.PE[34].ifmap_spad,PE_SPAD,write,14112.0,/home/cs25m115/Neural_Acc/exp1/stage7c_per_layer_energy/runs/conv2_64pe/scale_sim_output_scale_64pe_energy/action_count.yaml
conv2,64,8x8,systolic_array.PE[34].ifmap_spad,PE_SPAD,read,26460.0,/home/cs25m115/Neural_Acc/exp1/stage7c_per_layer_energy/runs/conv2_64pe/scale_sim_output_scale_64pe_energy/action_count.yaml
conv2,64,8x8,systolic_array.PE[35].ifmap_spad,PE_SPAD,write,14112.0,/home/cs25m115/Neural_Acc/exp1/stage7c_per_layer_energy/runs/conv2_64pe/scale_sim_output_scale_64pe_energy/action_count.yaml
conv2,64,8x8,systolic_array.PE[35].ifmap_spad,PE_SPAD,read,26460.0,/home/cs25m115/Neural_Acc/exp1/stage7c_per_layer_energy/runs/conv2_64pe/scale_sim_output_scale_64pe_energy/action_count.yaml
conv2,64,8x8,systolic_array.PE[36].ifmap_spad,PE_SPAD,write,14112.0,/home/cs25m115/Neural_Acc/exp1/stage7c_per_layer_energy/runs/conv2_64pe/scale_sim_output_scale_64pe_energy/action_count.yaml
conv2,64,8x8,systolic_array.PE[36].ifmap_spad,PE_SPAD,read,26460.0,/home/cs25m115/Neural_Acc/exp1/stage7c_per_layer_energy/runs/conv2_64pe/scale_sim_output_scale_64pe_energy/action_count.yaml
conv2,64,8x8,systolic_array.PE[37].ifmap_spad,PE_SPAD,write,14112.0,/home/cs25m115/Neural_Acc/exp1/stage7c_per_layer_energy/runs/conv2_64pe/scale_sim_output_scale_64pe_energy/action_count.yaml
conv2,64,8x8,systolic_array.PE[37].ifmap_spad,PE_SPAD,read,26460.0,/home/cs25m115/Neural_Acc/exp1/stage7c_per_layer_energy/runs/conv2_64pe/scale_sim_output_scale_64pe_energy/action_count.yaml
conv2,64,8x8,systolic_array.PE[38].ifmap_spad,PE_SPAD,write,14112.0,/home/cs25m115/Neural_Acc/exp1/stage7c_per_layer_energy/runs/conv2_64pe/scale_sim_output_scale_64pe_energy/action_count.yaml
conv2,64,8x8,systolic_array.PE[38].ifmap_spad,PE_SPAD,read,26460.0,/home/cs25m115/Neural_Acc/exp1/stage7c_per_layer_energy/runs/conv2_64pe/scale_sim_output_scale_64pe_energy/action_count.yaml
conv2,64,8x8,systolic_array.PE[39].ifmap_spad,PE_SPAD,write,14112.0,/home/cs25m115/Neural_Acc/exp1/stage7c_per_layer_energy/runs/conv2_64pe/scale_sim_output_scale_64pe_energy/action_count.yaml
conv2,64,8x8,systolic_array.PE[39].ifmap_spad,PE_SPAD,read,26460.0,/home/cs25m115/Neural_Acc/exp1/stage7c_per_layer_energy/runs/conv2_64pe/scale_sim_output_scale_64pe_energy/action_count.yaml
conv2,64,8x8,systolic_array.PE[40].ifmap_spad,PE_SPAD,write,14112.0,/home/cs25m115/Neural_Acc/exp1/stage7c_per_layer_energy/runs/conv2_64pe/scale_sim_output_scale_64pe_energy/action_count.yaml
conv2,64,8x8,systolic_array.PE[40].ifmap_spad,PE_SPAD,read,26460.0,/home/cs25m115/Neural_Acc/exp1/stage7c_per_layer_energy/runs/conv2_64pe/scale_sim_output_scale_64pe_energy/action_count.yaml
conv2,64,8x8,systolic_array.PE[41].ifmap_spad,PE_SPAD,write,14112.0,/home/cs25m115/Neural_Acc/exp1/stage7c_per_layer_energy/runs/conv2_64pe/scale_sim_output_scale_64pe_energy/action_count.yaml
conv2,64,8x8,systolic_array.PE[41].ifmap_spad,PE_SPAD,read,26460.0,/home/cs25m115/Neural_Acc/exp1/stage7c_per_layer_energy/runs/conv2_64pe/scale_sim_output_scale_64pe_energy/action_count.yaml
conv2,64,8x8,systolic_array.PE[42].ifmap_spad,PE_SPAD,write,14112.0,/home/cs25m115/Neural_Acc/exp1/stage7c_per_layer_energy/runs/conv2_64pe/scale_sim_output_scale_64pe_energy/action_count.yaml
conv2,64,8x8,systolic_array.PE[42].ifmap_spad,PE_SPAD,read,26460.0,/home/cs25m115/Neural_Acc/exp1/stage7c_per_layer_energy/runs/conv2_64pe/scale_sim_output_scale_64pe_energy/action_count.yaml
conv2,64,8x8,systolic_array.PE[43].ifmap_spad,PE_SPAD,write,14112.0,/home/cs25m115/Neural_Acc/exp1/stage7c_per_layer_energy/runs/conv2_64pe/scale_sim_output_scale_64pe_energy/action_count.yaml
conv2,64,8x8,systolic_array.PE[43].ifmap_spad,PE_SPAD,read,26460.0,/home/cs25m115/Neural_Acc/exp1/stage7c_per_layer_energy/runs/conv2_64pe/scale_sim_output_scale_64pe_energy/action_count.yaml
conv2,64,8x8,systolic_array.PE[44].ifmap_spad,PE_SPAD,write,14112.0,/home/cs25m115/Neural_Acc/exp1/stage7c_per_layer_energy/runs/conv2_64pe/scale_sim_output_scale_64pe_energy/action_count.yaml
conv2,64,8x8,systolic_array.PE[44].ifmap_spad,PE_SPAD,read,26460.0,/home/cs25m115/Neural_Acc/exp1/stage7c_per_layer_energy/runs/conv2_64pe/scale_sim_output_scale_64pe_energy/action_count.yaml
conv2,64,8x8,systolic_array.PE[45].ifmap_spad,PE_SPAD,write,14112.0,/home/cs25m115/Neural_Acc/exp1/stage7c_per_layer_energy/runs/conv2_64pe/scale_sim_output_scale_64pe_energy/action_count.yaml
conv2,64,8x8,systolic_array.PE[45].ifmap_spad,PE_SPAD,read,26460.0,/home/cs25m115/Neural_Acc/exp1/stage7c_per_layer_energy/runs/conv2_64pe/scale_sim_output_scale_64pe_energy/action_count.yaml
conv2,64,8x8,systolic_array.PE[46].ifmap_spad,PE_SPAD,write,14112.0,/home/cs25m115/Neural_Acc/exp1/stage7c_per_layer_energy/runs/conv2_64pe/scale_sim_output_scale_64pe_energy/action_count.yaml
conv2,64,8x8,systolic_array.PE[46].ifmap_spad,PE_SPAD,read,26460.0,/home/cs25m115/Neural_Acc/exp1/stage7c_per_layer_energy/runs/conv2_64pe/scale_sim_output_scale_64pe_energy/action_count.yaml
conv2,64,8x8,systolic_array.PE[47].ifmap_spad,PE_SPAD,write,14112.0,/home/cs25m115/Neural_Acc/exp1/stage7c_per_layer_energy/runs/conv2_64pe/scale_sim_output_scale_64pe_energy/action_count.yaml
conv2,64,8x8,systolic_array.PE[47].ifmap_spad,PE_SPAD,read,26460.0,/home/cs25m115/Neural_Acc/exp1/stage7c_per_layer_energy/runs/conv2_64pe/scale_sim_output_scale_64pe_energy/action_count.yaml
conv2,64,8x8,systolic_array.PE[48].ifmap_spad,PE_SPAD,write,14112.0,/home/cs25m115/Neural_Acc/exp1/stage7c_per_layer_energy/runs/conv2_64pe/scale_sim_output_scale_64pe_energy/action_count.yaml
conv2,64,8x8,systolic_array.PE[48].ifmap_spad,PE_SPAD,read,26460.0,/home/cs25m115/Neural_Acc/exp1/stage7c_per_layer_energy/runs/conv2_64pe/scale_sim_output_scale_64pe_energy/action_count.yaml
conv2,64,8x8,systolic_array.PE[49].ifmap_spad,PE_SPAD,write,14112.0,/home/cs25m115/Neural_Acc/exp1/stage7c_per_layer_energy/runs/conv2_64pe/scale_sim_output_scale_64pe_energy/action_count.yaml
conv2,64,8x8,systolic_array.PE[49].ifmap_spad,PE_SPAD,read,26460.0,/home/cs25m115/Neural_Acc/exp1/stage7c_per_layer_energy/runs/conv2_64pe/scale_sim_output_scale_64pe_energy/action_count.yaml
conv2,64,8x8,systolic_array.PE[50].ifmap_spad,PE_SPAD,write,14112.0,/home/cs25m115/Neural_Acc/exp1/stage7c_per_layer_energy/runs/conv2_64pe/scale_sim_output_scale_64pe_energy/action_count.yaml
conv2,64,8x8,systolic_array.PE[50].ifmap_spad,PE_SPAD,read,26460.0,/home/cs25m115/Neural_Acc/exp1/stage7c_per_layer_energy/runs/conv2_64pe/scale_sim_output_scale_64pe_energy/action_count.yaml
conv2,64,8x8,systolic_array.PE[51].ifmap_spad,PE_SPAD,write,14112.0,/home/cs25m115/Neural_Acc/exp1/stage7c_per_layer_energy/runs/conv2_64pe/scale_sim_output_scale_64pe_energy/action_count.yaml
conv2,64,8x8,systolic_array.PE[51].ifmap_spad,PE_SPAD,read,26460.0,/home/cs25m115/Neural_Acc/exp1/stage7c_per_layer_energy/runs/conv2_64pe/scale_sim_output_scale_64pe_energy/action_count.yaml
conv2,64,8x8,systolic_array.PE[52].ifmap_spad,PE_SPAD,write,14112.0,/home/cs25m115/Neural_Acc/exp1/stage7c_per_layer_energy/runs/conv2_64pe/scale_sim_output_scale_64pe_energy/action_count.yaml
conv2,64,8x8,systolic_array.PE[52].ifmap_spad,PE_SPAD,read,26460.0,/home/cs25m115/Neural_Acc/exp1/stage7c_per_layer_energy/runs/conv2_64pe/scale_sim_output_scale_64pe_energy/action_count.yaml
conv2,64,8x8,systolic_array.PE[53].ifmap_spad,PE_SPAD,write,14112.0,/home/cs25m115/Neural_Acc/exp1/stage7c_per_layer_energy/runs/conv2_64pe/scale_sim_output_scale_64pe_energy/action_count.yaml
conv2,64,8x8,systolic_array.PE[53].ifmap_spad,PE_SPAD,read,26460.0,/home/cs25m115/Neural_Acc/exp1/stage7c_per_layer_energy/runs/conv2_64pe/scale_sim_output_scale_64pe_energy/action_count.yaml
conv2,64,8x8,systolic_array.PE[54].ifmap_spad,PE_SPAD,write,14112.0,/home/cs25m115/Neural_Acc/exp1/stage7c_per_layer_energy/runs/conv2_64pe/scale_sim_output_scale_64pe_energy/action_count.yaml
conv2,64,8x8,systolic_array.PE[54].ifmap_spad,PE_SPAD,read,26460.0,/home/cs25m115/Neural_Acc/exp1/stage7c_per_layer_energy/runs/conv2_64pe/scale_sim_output_scale_64pe_energy/action_count.yaml
conv2,64,8x8,systolic_array.PE[55].ifmap_spad,PE_SPAD,write,14112.0,/home/cs25m115/Neural_Acc/exp1/stage7c_per_layer_energy/runs/conv2_64pe/scale_sim_output_scale_64pe_energy/action_count.yaml
conv2,64,8x8,systolic_array.PE[55].ifmap_spad,PE_SPAD,read,26460.0,/home/cs25m115/Neural_Acc/exp1/stage7c_per_layer_energy/runs/conv2_64pe/scale_sim_output_scale_64pe_energy/action_count.yaml
conv2,64,8x8,systolic_array.PE[56].ifmap_spad,PE_SPAD,write,14112.0,/home/cs25m115/Neural_Acc/exp1/stage7c_per_layer_energy/runs/conv2_64pe/scale_sim_output_scale_64pe_energy/action_count.yaml
conv2,64,8x8,systolic_array.PE[56].ifmap_spad,PE_SPAD,read,26460.0,/home/cs25m115/Neural_Acc/exp1/stage7c_per_layer_energy/runs/conv2_64pe/scale_sim_output_scale_64pe_energy/action_count.yaml
conv2,64,8x8,systolic_array.PE[57].ifmap_spad,PE_SPAD,write,14112.0,/home/cs25m115/Neural_Acc/exp1/stage7c_per_layer_energy/runs/conv2_64pe/scale_sim_output_scale_64pe_energy/action_count.yaml
conv2,64,8x8,systolic_array.PE[57].ifmap_spad,PE_SPAD,read,26460.0,/home/cs25m115/Neural_Acc/exp1/stage7c_per_layer_energy/runs/conv2_64pe/scale_sim_output_scale_64pe_energy/action_count.yaml
conv2,64,8x8,systolic_array.PE[58].ifmap_spad,PE_SPAD,write,14112.0,/home/cs25m115/Neural_Acc/exp1/stage7c_per_layer_energy/runs/conv2_64pe/scale_sim_output_scale_64pe_energy/action_count.yaml
conv2,64,8x8,systolic_array.PE[58].ifmap_spad,PE_SPAD,read,26460.0,/home/cs25m115/Neural_Acc/exp1/stage7c_per_layer_energy/runs/conv2_64pe/scale_sim_output_scale_64pe_energy/action_count.yaml
conv2,64,8x8,systolic_array.PE[59].ifmap_spad,PE_SPAD,write,14112.0,/home/cs25m115/Neural_Acc/exp1/stage7c_per_layer_energy/runs/conv2_64pe/scale_sim_output_scale_64pe_energy/action_count.yaml
conv2,64,8x8,systolic_array.PE[59].ifmap_spad,PE_SPAD,read,26460.0,/home/cs25m115/Neural_Acc/exp1/stage7c_per_layer_energy/runs/conv2_64pe/scale_sim_output_scale_64pe_energy/action_count.yaml
conv2,64,8x8,systolic_array.PE[60].ifmap_spad,PE_SPAD,write,14112.0,/home/cs25m115/Neural_Acc/exp1/stage7c_per_layer_energy/runs/conv2_64pe/scale_sim_output_scale_64pe_energy/action_count.yaml
conv2,64,8x8,systolic_array.PE[60].ifmap_spad,PE_SPAD,read,26460.0,/home/cs25m115/Neural_Acc/exp1/stage7c_per_layer_energy/runs/conv2_64pe/scale_sim_output_scale_64pe_energy/action_count.yaml
conv2,64,8x8,systolic_array.PE[61].ifmap_spad,PE_SPAD,write,14112.0,/home/cs25m115/Neural_Acc/exp1/stage7c_per_layer_energy/runs/conv2_64pe/scale_sim_output_scale_64pe_energy/action_count.yaml
conv2,64,8x8,systolic_array.PE[61].ifmap_spad,PE_SPAD,read,26460.0,/home/cs25m115/Neural_Acc/exp1/stage7c_per_layer_energy/runs/conv2_64pe/scale_sim_output_scale_64pe_energy/action_count.yaml
conv2,64,8x8,systolic_array.PE[62].ifmap_spad,PE_SPAD,write,14112.0,/home/cs25m115/Neural_Acc/exp1/stage7c_per_layer_energy/runs/conv2_64pe/scale_sim_output_scale_64pe_energy/action_count.yaml
conv2,64,8x8,systolic_array.PE[62].ifmap_spad,PE_SPAD,read,26460.0,/home/cs25m115/Neural_Acc/exp1/stage7c_per_layer_energy/runs/conv2_64pe/scale_sim_output_scale_64pe_energy/action_count.yaml
conv2,64,8x8,systolic_array.PE[63].ifmap_spad,PE_SPAD,write,14112.0,/home/cs25m115/Neural_Acc/exp1/stage7c_per_layer_energy/runs/conv2_64pe/scale_sim_output_scale_64pe_energy/action_count.yaml
conv2,64,8x8,systolic_array.PE[63].ifmap_spad,PE_SPAD,read,26460.0,/home/cs25m115/Neural_Acc/exp1/stage7c_per_layer_energy/runs/conv2_64pe/scale_sim_output_scale_64pe_energy/action_count.yaml
conv2,64,8x8,systolic_array.PE[0].psum_spad,PE_SPAD,write,14112.0,/home/cs25m115/Neural_Acc/exp1/stage7c_per_layer_energy/runs/conv2_64pe/scale_sim_output_scale_64pe_energy/action_count.yaml
conv2,64,8x8,systolic_array.PE[0].psum_spad,PE_SPAD,read,12348.0,/home/cs25m115/Neural_Acc/exp1/stage7c_per_layer_energy/runs/conv2_64pe/scale_sim_output_scale_64pe_energy/action_count.yaml
conv2,64,8x8,systolic_array.PE[1].psum_spad,PE_SPAD,write,14112.0,/home/cs25m115/Neural_Acc/exp1/stage7c_per_layer_energy/runs/conv2_64pe/scale_sim_output_scale_64pe_energy/action_count.yaml
conv2,64,8x8,systolic_array.PE[1].psum_spad,PE_SPAD,read,12348.0,/home/cs25m115/Neural_Acc/exp1/stage7c_per_layer_energy/runs/conv2_64pe/scale_sim_output_scale_64pe_energy/action_count.yaml
conv2,64,8x8,systolic_array.PE[2].psum_spad,PE_SPAD,write,14112.0,/home/cs25m115/Neural_Acc/exp1/stage7c_per_layer_energy/runs/conv2_64pe/scale_sim_output_scale_64pe_energy/action_count.yaml
conv2,64,8x8,systolic_array.PE[2].psum_spad,PE_SPAD,read,12348.0,/home/cs25m115/Neural_Acc/exp1/stage7c_per_layer_energy/runs/conv2_64pe/scale_sim_output_scale_64pe_energy/action_count.yaml
conv2,64,8x8,systolic_array.PE[3].psum_spad,PE_SPAD,write,14112.0,/home/cs25m115/Neural_Acc/exp1/stage7c_per_layer_energy/runs/conv2_64pe/scale_sim_output_scale_64pe_energy/action_count.yaml
conv2,64,8x8,systolic_array.PE[3].psum_spad,PE_SPAD,read,12348.0,/home/cs25m115/Neural_Acc/exp1/stage7c_per_layer_energy/runs/conv2_64pe/scale_sim_output_scale_64pe_energy/action_count.yaml
conv2,64,8x8,systolic_array.PE[4].psum_spad,PE_SPAD,write,14112.0,/home/cs25m115/Neural_Acc/exp1/stage7c_per_layer_energy/runs/conv2_64pe/scale_sim_output_scale_64pe_energy/action_count.yaml
conv2,64,8x8,systolic_array.PE[4].psum_spad,PE_SPAD,read,12348.0,/home/cs25m115/Neural_Acc/exp1/stage7c_per_layer_energy/runs/conv2_64pe/scale_sim_output_scale_64pe_energy/action_count.yaml
conv2,64,8x8,systolic_array.PE[5].psum_spad,PE_SPAD,write,14112.0,/home/cs25m115/Neural_Acc/exp1/stage7c_per_layer_energy/runs/conv2_64pe/scale_sim_output_scale_64pe_energy/action_count.yaml
conv2,64,8x8,systolic_array.PE[5].psum_spad,PE_SPAD,read,12348.0,/home/cs25m115/Neural_Acc/exp1/stage7c_per_layer_energy/runs/conv2_64pe/scale_sim_output_scale_64pe_energy/action_count.yaml
conv2,64,8x8,systolic_array.PE[6].psum_spad,PE_SPAD,write,14112.0,/home/cs25m115/Neural_Acc/exp1/stage7c_per_layer_energy/runs/conv2_64pe/scale_sim_output_scale_64pe_energy/action_count.yaml
conv2,64,8x8,systolic_array.PE[6].psum_spad,PE_SPAD,read,12348.0,/home/cs25m115/Neural_Acc/exp1/stage7c_per_layer_energy/runs/conv2_64pe/scale_sim_output_scale_64pe_energy/action_count.yaml
conv2,64,8x8,systolic_array.PE[7].psum_spad,PE_SPAD,write,14112.0,/home/cs25m115/Neural_Acc/exp1/stage7c_per_layer_energy/runs/conv2_64pe/scale_sim_output_scale_64pe_energy/action_count.yaml
conv2,64,8x8,systolic_array.PE[7].psum_spad,PE_SPAD,read,12348.0,/home/cs25m115/Neural_Acc/exp1/stage7c_per_layer_energy/runs/conv2_64pe/scale_sim_output_scale_64pe_energy/action_count.yaml
conv2,64,8x8,systolic_array.PE[8].psum_spad,PE_SPAD,write,14112.0,/home/cs25m115/Neural_Acc/exp1/stage7c_per_layer_energy/runs/conv2_64pe/scale_sim_output_scale_64pe_energy/action_count.yaml
conv2,64,8x8,systolic_array.PE[8].psum_spad,PE_SPAD,read,12348.0,/home/cs25m115/Neural_Acc/exp1/stage7c_per_layer_energy/runs/conv2_64pe/scale_sim_output_scale_64pe_energy/action_count.yaml
conv2,64,8x8,systolic_array.PE[9].psum_spad,PE_SPAD,write,14112.0,/home/cs25m115/Neural_Acc/exp1/stage7c_per_layer_energy/runs/conv2_64pe/scale_sim_output_scale_64pe_energy/action_count.yaml
conv2,64,8x8,systolic_array.PE[9].psum_spad,PE_SPAD,read,12348.0,/home/cs25m115/Neural_Acc/exp1/stage7c_per_layer_energy/runs/conv2_64pe/scale_sim_output_scale_64pe_energy/action_count.yaml
conv2,64,8x8,systolic_array.PE[10].psum_spad,PE_SPAD,write,14112.0,/home/cs25m115/Neural_Acc/exp1/stage7c_per_layer_energy/runs/conv2_64pe/scale_sim_output_scale_64pe_energy/action_count.yaml
conv2,64,8x8,systolic_array.PE[10].psum_spad,PE_SPAD,read,12348.0,/home/cs25m115/Neural_Acc/exp1/stage7c_per_layer_energy/runs/conv2_64pe/scale_sim_output_scale_64pe_energy/action_count.yaml
conv2,64,8x8,systolic_array.PE[11].psum_spad,PE_SPAD,write,14112.0,/home/cs25m115/Neural_Acc/exp1/stage7c_per_layer_energy/runs/conv2_64pe/scale_sim_output_scale_64pe_energy/action_count.yaml
conv2,64,8x8,systolic_array.PE[11].psum_spad,PE_SPAD,read,12348.0,/home/cs25m115/Neural_Acc/exp1/stage7c_per_layer_energy/runs/conv2_64pe/scale_sim_output_scale_64pe_energy/action_count.yaml
conv2,64,8x8,systolic_array.PE[12].psum_spad,PE_SPAD,write,14112.0,/home/cs25m115/Neural_Acc/exp1/stage7c_per_layer_energy/runs/conv2_64pe/scale_sim_output_scale_64pe_energy/action_count.yaml
conv2,64,8x8,systolic_array.PE[12].psum_spad,PE_SPAD,read,12348.0,/home/cs25m115/Neural_Acc/exp1/stage7c_per_layer_energy/runs/conv2_64pe/scale_sim_output_scale_64pe_energy/action_count.yaml
conv2,64,8x8,systolic_array.PE[13].psum_spad,PE_SPAD,write,14112.0,/home/cs25m115/Neural_Acc/exp1/stage7c_per_layer_energy/runs/conv2_64pe/scale_sim_output_scale_64pe_energy/action_count.yaml
conv2,64,8x8,systolic_array.PE[13].psum_spad,PE_SPAD,read,12348.0,/home/cs25m115/Neural_Acc/exp1/stage7c_per_layer_energy/runs/conv2_64pe/scale_sim_output_scale_64pe_energy/action_count.yaml
conv2,64,8x8,systolic_array.PE[14].psum_spad,PE_SPAD,write,14112.0,/home/cs25m115/Neural_Acc/exp1/stage7c_per_layer_energy/runs/conv2_64pe/scale_sim_output_scale_64pe_energy/action_count.yaml
conv2,64,8x8,systolic_array.PE[14].psum_spad,PE_SPAD,read,12348.0,/home/cs25m115/Neural_Acc/exp1/stage7c_per_layer_energy/runs/conv2_64pe/scale_sim_output_scale_64pe_energy/action_count.yaml
conv2,64,8x8,systolic_array.PE[15].psum_spad,PE_SPAD,write,14112.0,/home/cs25m115/Neural_Acc/exp1/stage7c_per_layer_energy/runs/conv2_64pe/scale_sim_output_scale_64pe_energy/action_count.yaml
conv2,64,8x8,systolic_array.PE[15].psum_spad,PE_SPAD,read,12348.0,/home/cs25m115/Neural_Acc/exp1/stage7c_per_layer_energy/runs/conv2_64pe/scale_sim_output_scale_64pe_energy/action_count.yaml
conv2,64,8x8,systolic_array.PE[16].psum_spad,PE_SPAD,write,14112.0,/home/cs25m115/Neural_Acc/exp1/stage7c_per_layer_energy/runs/conv2_64pe/scale_sim_output_scale_64pe_energy/action_count.yaml
conv2,64,8x8,systolic_array.PE[16].psum_spad,PE_SPAD,read,12348.0,/home/cs25m115/Neural_Acc/exp1/stage7c_per_layer_energy/runs/conv2_64pe/scale_sim_output_scale_64pe_energy/action_count.yaml
conv2,64,8x8,systolic_array.PE[17].psum_spad,PE_SPAD,write,14112.0,/home/cs25m115/Neural_Acc/exp1/stage7c_per_layer_energy/runs/conv2_64pe/scale_sim_output_scale_64pe_energy/action_count.yaml
conv2,64,8x8,systolic_array.PE[17].psum_spad,PE_SPAD,read,12348.0,/home/cs25m115/Neural_Acc/exp1/stage7c_per_layer_energy/runs/conv2_64pe/scale_sim_output_scale_64pe_energy/action_count.yaml
conv2,64,8x8,systolic_array.PE[18].psum_spad,PE_SPAD,write,14112.0,/home/cs25m115/Neural_Acc/exp1/stage7c_per_layer_energy/runs/conv2_64pe/scale_sim_output_scale_64pe_energy/action_count.yaml
conv2,64,8x8,systolic_array.PE[18].psum_spad,PE_SPAD,read,12348.0,/home/cs25m115/Neural_Acc/exp1/stage7c_per_layer_energy/runs/conv2_64pe/scale_sim_output_scale_64pe_energy/action_count.yaml
conv2,64,8x8,systolic_array.PE[19].psum_spad,PE_SPAD,write,14112.0,/home/cs25m115/Neural_Acc/exp1/stage7c_per_layer_energy/runs/conv2_64pe/scale_sim_output_scale_64pe_energy/action_count.yaml
conv2,64,8x8,systolic_array.PE[19].psum_spad,PE_SPAD,read,12348.0,/home/cs25m115/Neural_Acc/exp1/stage7c_per_layer_energy/runs/conv2_64pe/scale_sim_output_scale_64pe_energy/action_count.yaml
conv2,64,8x8,systolic_array.PE[20].psum_spad,PE_SPAD,write,14112.0,/home/cs25m115/Neural_Acc/exp1/stage7c_per_layer_energy/runs/conv2_64pe/scale_sim_output_scale_64pe_energy/action_count.yaml
conv2,64,8x8,systolic_array.PE[20].psum_spad,PE_SPAD,read,12348.0,/home/cs25m115/Neural_Acc/exp1/stage7c_per_layer_energy/runs/conv2_64pe/scale_sim_output_scale_64pe_energy/action_count.yaml
conv2,64,8x8,systolic_array.PE[21].psum_spad,PE_SPAD,write,14112.0,/home/cs25m115/Neural_Acc/exp1/stage7c_per_layer_energy/runs/conv2_64pe/scale_sim_output_scale_64pe_energy/action_count.yaml
conv2,64,8x8,systolic_array.PE[21].psum_spad,PE_SPAD,read,12348.0,/home/cs25m115/Neural_Acc/exp1/stage7c_per_layer_energy/runs/conv2_64pe/scale_sim_output_scale_64pe_energy/action_count.yaml
conv2,64,8x8,systolic_array.PE[22].psum_spad,PE_SPAD,write,14112.0,/home/cs25m115/Neural_Acc/exp1/stage7c_per_layer_energy/runs/conv2_64pe/scale_sim_output_scale_64pe_energy/action_count.yaml
conv2,64,8x8,systolic_array.PE[22].psum_spad,PE_SPAD,read,12348.0,/home/cs25m115/Neural_Acc/exp1/stage7c_per_layer_energy/runs/conv2_64pe/scale_sim_output_scale_64pe_energy/action_count.yaml
conv2,64,8x8,systolic_array.PE[23].psum_spad,PE_SPAD,write,14112.0,/home/cs25m115/Neural_Acc/exp1/stage7c_per_layer_energy/runs/conv2_64pe/scale_sim_output_scale_64pe_energy/action_count.yaml
conv2,64,8x8,systolic_array.PE[23].psum_spad,PE_SPAD,read,12348.0,/home/cs25m115/Neural_Acc/exp1/stage7c_per_layer_energy/runs/conv2_64pe/scale_sim_output_scale_64pe_energy/action_count.yaml
conv2,64,8x8,systolic_array.PE[24].psum_spad,PE_SPAD,write,14112.0,/home/cs25m115/Neural_Acc/exp1/stage7c_per_layer_energy/runs/conv2_64pe/scale_sim_output_scale_64pe_energy/action_count.yaml
conv2,64,8x8,systolic_array.PE[24].psum_spad,PE_SPAD,read,12348.0,/home/cs25m115/Neural_Acc/exp1/stage7c_per_layer_energy/runs/conv2_64pe/scale_sim_output_scale_64pe_energy/action_count.yaml
conv2,64,8x8,systolic_array.PE[25].psum_spad,PE_SPAD,write,14112.0,/home/cs25m115/Neural_Acc/exp1/stage7c_per_layer_energy/runs/conv2_64pe/scale_sim_output_scale_64pe_energy/action_count.yaml
conv2,64,8x8,systolic_array.PE[25].psum_spad,PE_SPAD,read,12348.0,/home/cs25m115/Neural_Acc/exp1/stage7c_per_layer_energy/runs/conv2_64pe/scale_sim_output_scale_64pe_energy/action_count.yaml
conv2,64,8x8,systolic_array.PE[26].psum_spad,PE_SPAD,write,14112.0,/home/cs25m115/Neural_Acc/exp1/stage7c_per_layer_energy/runs/conv2_64pe/scale_sim_output_scale_64pe_energy/action_count.yaml
conv2,64,8x8,systolic_array.PE[26].psum_spad,PE_SPAD,read,12348.0,/home/cs25m115/Neural_Acc/exp1/stage7c_per_layer_energy/runs/conv2_64pe/scale_sim_output_scale_64pe_energy/action_count.yaml
conv2,64,8x8,systolic_array.PE[27].psum_spad,PE_SPAD,write,14112.0,/home/cs25m115/Neural_Acc/exp1/stage7c_per_layer_energy/runs/conv2_64pe/scale_sim_output_scale_64pe_energy/action_count.yaml
conv2,64,8x8,systolic_array.PE[27].psum_spad,PE_SPAD,read,12348.0,/home/cs25m115/Neural_Acc/exp1/stage7c_per_layer_energy/runs/conv2_64pe/scale_sim_output_scale_64pe_energy/action_count.yaml
conv2,64,8x8,systolic_array.PE[28].psum_spad,PE_SPAD,write,14112.0,/home/cs25m115/Neural_Acc/exp1/stage7c_per_layer_energy/runs/conv2_64pe/scale_sim_output_scale_64pe_energy/action_count.yaml
conv2,64,8x8,systolic_array.PE[28].psum_spad,PE_SPAD,read,12348.0,/home/cs25m115/Neural_Acc/exp1/stage7c_per_layer_energy/runs/conv2_64pe/scale_sim_output_scale_64pe_energy/action_count.yaml
conv2,64,8x8,systolic_array.PE[29].psum_spad,PE_SPAD,write,14112.0,/home/cs25m115/Neural_Acc/exp1/stage7c_per_layer_energy/runs/conv2_64pe/scale_sim_output_scale_64pe_energy/action_count.yaml
conv2,64,8x8,systolic_array.PE[29].psum_spad,PE_SPAD,read,12348.0,/home/cs25m115/Neural_Acc/exp1/stage7c_per_layer_energy/runs/conv2_64pe/scale_sim_output_scale_64pe_energy/action_count.yaml
conv2,64,8x8,systolic_array.PE[30].psum_spad,PE_SPAD,write,14112.0,/home/cs25m115/Neural_Acc/exp1/stage7c_per_layer_energy/runs/conv2_64pe/scale_sim_output_scale_64pe_energy/action_count.yaml
conv2,64,8x8,systolic_array.PE[30].psum_spad,PE_SPAD,read,12348.0,/home/cs25m115/Neural_Acc/exp1/stage7c_per_layer_energy/runs/conv2_64pe/scale_sim_output_scale_64pe_energy/action_count.yaml
conv2,64,8x8,systolic_array.PE[31].psum_spad,PE_SPAD,write,14112.0,/home/cs25m115/Neural_Acc/exp1/stage7c_per_layer_energy/runs/conv2_64pe/scale_sim_output_scale_64pe_energy/action_count.yaml
conv2,64,8x8,systolic_array.PE[31].psum_spad,PE_SPAD,read,12348.0,/home/cs25m115/Neural_Acc/exp1/stage7c_per_layer_energy/runs/conv2_64pe/scale_sim_output_scale_64pe_energy/action_count.yaml
conv2,64,8x8,systolic_array.PE[32].psum_spad,PE_SPAD,write,14112.0,/home/cs25m115/Neural_Acc/exp1/stage7c_per_layer_energy/runs/conv2_64pe/scale_sim_output_scale_64pe_energy/action_count.yaml
conv2,64,8x8,systolic_array.PE[32].psum_spad,PE_SPAD,read,12348.0,/home/cs25m115/Neural_Acc/exp1/stage7c_per_layer_energy/runs/conv2_64pe/scale_sim_output_scale_64pe_energy/action_count.yaml
conv2,64,8x8,systolic_array.PE[33].psum_spad,PE_SPAD,write,14112.0,/home/cs25m115/Neural_Acc/exp1/stage7c_per_layer_energy/runs/conv2_64pe/scale_sim_output_scale_64pe_energy/action_count.yaml
conv2,64,8x8,systolic_array.PE[33].psum_spad,PE_SPAD,read,12348.0,/home/cs25m115/Neural_Acc/exp1/stage7c_per_layer_energy/runs/conv2_64pe/scale_sim_output_scale_64pe_energy/action_count.yaml
conv2,64,8x8,systolic_array.PE[34].psum_spad,PE_SPAD,write,14112.0,/home/cs25m115/Neural_Acc/exp1/stage7c_per_layer_energy/runs/conv2_64pe/scale_sim_output_scale_64pe_energy/action_count.yaml
conv2,64,8x8,systolic_array.PE[34].psum_spad,PE_SPAD,read,12348.0,/home/cs25m115/Neural_Acc/exp1/stage7c_per_layer_energy/runs/conv2_64pe/scale_sim_output_scale_64pe_energy/action_count.yaml
conv2,64,8x8,systolic_array.PE[35].psum_spad,PE_SPAD,write,14112.0,/home/cs25m115/Neural_Acc/exp1/stage7c_per_layer_energy/runs/conv2_64pe/scale_sim_output_scale_64pe_energy/action_count.yaml
conv2,64,8x8,systolic_array.PE[35].psum_spad,PE_SPAD,read,12348.0,/home/cs25m115/Neural_Acc/exp1/stage7c_per_layer_energy/runs/conv2_64pe/scale_sim_output_scale_64pe_energy/action_count.yaml
conv2,64,8x8,systolic_array.PE[36].psum_spad,PE_SPAD,write,14112.0,/home/cs25m115/Neural_Acc/exp1/stage7c_per_layer_energy/runs/conv2_64pe/scale_sim_output_scale_64pe_energy/action_count.yaml
conv2,64,8x8,systolic_array.PE[36].psum_spad,PE_SPAD,read,12348.0,/home/cs25m115/Neural_Acc/exp1/stage7c_per_layer_energy/runs/conv2_64pe/scale_sim_output_scale_64pe_energy/action_count.yaml
conv2,64,8x8,systolic_array.PE[37].psum_spad,PE_SPAD,write,14112.0,/home/cs25m115/Neural_Acc/exp1/stage7c_per_layer_energy/runs/conv2_64pe/scale_sim_output_scale_64pe_energy/action_count.yaml
conv2,64,8x8,systolic_array.PE[37].psum_spad,PE_SPAD,read,12348.0,/home/cs25m115/Neural_Acc/exp1/stage7c_per_layer_energy/runs/conv2_64pe/scale_sim_output_scale_64pe_energy/action_count.yaml
conv2,64,8x8,systolic_array.PE[38].psum_spad,PE_SPAD,write,14112.0,/home/cs25m115/Neural_Acc/exp1/stage7c_per_layer_energy/runs/conv2_64pe/scale_sim_output_scale_64pe_energy/action_count.yaml
conv2,64,8x8,systolic_array.PE[38].psum_spad,PE_SPAD,read,12348.0,/home/cs25m115/Neural_Acc/exp1/stage7c_per_layer_energy/runs/conv2_64pe/scale_sim_output_scale_64pe_energy/action_count.yaml
conv2,64,8x8,systolic_array.PE[39].psum_spad,PE_SPAD,write,14112.0,/home/cs25m115/Neural_Acc/exp1/stage7c_per_layer_energy/runs/conv2_64pe/scale_sim_output_scale_64pe_energy/action_count.yaml
conv2,64,8x8,systolic_array.PE[39].psum_spad,PE_SPAD,read,12348.0,/home/cs25m115/Neural_Acc/exp1/stage7c_per_layer_energy/runs/conv2_64pe/scale_sim_output_scale_64pe_energy/action_count.yaml
conv2,64,8x8,systolic_array.PE[40].psum_spad,PE_SPAD,write,14112.0,/home/cs25m115/Neural_Acc/exp1/stage7c_per_layer_energy/runs/conv2_64pe/scale_sim_output_scale_64pe_energy/action_count.yaml
conv2,64,8x8,systolic_array.PE[40].psum_spad,PE_SPAD,read,12348.0,/home/cs25m115/Neural_Acc/exp1/stage7c_per_layer_energy/runs/conv2_64pe/scale_sim_output_scale_64pe_energy/action_count.yaml
conv2,64,8x8,systolic_array.PE[41].psum_spad,PE_SPAD,write,14112.0,/home/cs25m115/Neural_Acc/exp1/stage7c_per_layer_energy/runs/conv2_64pe/scale_sim_output_scale_64pe_energy/action_count.yaml
conv2,64,8x8,systolic_array.PE[41].psum_spad,PE_SPAD,read,12348.0,/home/cs25m115/Neural_Acc/exp1/stage7c_per_layer_energy/runs/conv2_64pe/scale_sim_output_scale_64pe_energy/action_count.yaml
conv2,64,8x8,systolic_array.PE[42].psum_spad,PE_SPAD,write,14112.0,/home/cs25m115/Neural_Acc/exp1/stage7c_per_layer_energy/runs/conv2_64pe/scale_sim_output_scale_64pe_energy/action_count.yaml
conv2,64,8x8,systolic_array.PE[42].psum_spad,PE_SPAD,read,12348.0,/home/cs25m115/Neural_Acc/exp1/stage7c_per_layer_energy/runs/conv2_64pe/scale_sim_output_scale_64pe_energy/action_count.yaml
conv2,64,8x8,systolic_array.PE[43].psum_spad,PE_SPAD,write,14112.0,/home/cs25m115/Neural_Acc/exp1/stage7c_per_layer_energy/runs/conv2_64pe/scale_sim_output_scale_64pe_energy/action_count.yaml
conv2,64,8x8,systolic_array.PE[43].psum_spad,PE_SPAD,read,12348.0,/home/cs25m115/Neural_Acc/exp1/stage7c_per_layer_energy/runs/conv2_64pe/scale_sim_output_scale_64pe_energy/action_count.yaml
conv2,64,8x8,systolic_array.PE[44].psum_spad,PE_SPAD,write,14112.0,/home/cs25m115/Neural_Acc/exp1/stage7c_per_layer_energy/runs/conv2_64pe/scale_sim_output_scale_64pe_energy/action_count.yaml
conv2,64,8x8,systolic_array.PE[44].psum_spad,PE_SPAD,read,12348.0,/home/cs25m115/Neural_Acc/exp1/stage7c_per_layer_energy/runs/conv2_64pe/scale_sim_output_scale_64pe_energy/action_count.yaml
conv2,64,8x8,systolic_array.PE[45].psum_spad,PE_SPAD,write,14112.0,/home/cs25m115/Neural_Acc/exp1/stage7c_per_layer_energy/runs/conv2_64pe/scale_sim_output_scale_64pe_energy/action_count.yaml
conv2,64,8x8,systolic_array.PE[45].psum_spad,PE_SPAD,read,12348.0,/home/cs25m115/Neural_Acc/exp1/stage7c_per_layer_energy/runs/conv2_64pe/scale_sim_output_scale_64pe_energy/action_count.yaml
conv2,64,8x8,systolic_array.PE[46].psum_spad,PE_SPAD,write,14112.0,/home/cs25m115/Neural_Acc/exp1/stage7c_per_layer_energy/runs/conv2_64pe/scale_sim_output_scale_64pe_energy/action_count.yaml
conv2,64,8x8,systolic_array.PE[46].psum_spad,PE_SPAD,read,12348.0,/home/cs25m115/Neural_Acc/exp1/stage7c_per_layer_energy/runs/conv2_64pe/scale_sim_output_scale_64pe_energy/action_count.yaml
conv2,64,8x8,systolic_array.PE[47].psum_spad,PE_SPAD,write,14112.0,/home/cs25m115/Neural_Acc/exp1/stage7c_per_layer_energy/runs/conv2_64pe/scale_sim_output_scale_64pe_energy/action_count.yaml
conv2,64,8x8,systolic_array.PE[47].psum_spad,PE_SPAD,read,12348.0,/home/cs25m115/Neural_Acc/exp1/stage7c_per_layer_energy/runs/conv2_64pe/scale_sim_output_scale_64pe_energy/action_count.yaml
conv2,64,8x8,systolic_array.PE[48].psum_spad,PE_SPAD,write,14112.0,/home/cs25m115/Neural_Acc/exp1/stage7c_per_layer_energy/runs/conv2_64pe/scale_sim_output_scale_64pe_energy/action_count.yaml
conv2,64,8x8,systolic_array.PE[48].psum_spad,PE_SPAD,read,12348.0,/home/cs25m115/Neural_Acc/exp1/stage7c_per_layer_energy/runs/conv2_64pe/scale_sim_output_scale_64pe_energy/action_count.yaml
conv2,64,8x8,systolic_array.PE[49].psum_spad,PE_SPAD,write,14112.0,/home/cs25m115/Neural_Acc/exp1/stage7c_per_layer_energy/runs/conv2_64pe/scale_sim_output_scale_64pe_energy/action_count.yaml
conv2,64,8x8,systolic_array.PE[49].psum_spad,PE_SPAD,read,12348.0,/home/cs25m115/Neural_Acc/exp1/stage7c_per_layer_energy/runs/conv2_64pe/scale_sim_output_scale_64pe_energy/action_count.yaml
conv2,64,8x8,systolic_array.PE[50].psum_spad,PE_SPAD,write,14112.0,/home/cs25m115/Neural_Acc/exp1/stage7c_per_layer_energy/runs/conv2_64pe/scale_sim_output_scale_64pe_energy/action_count.yaml
conv2,64,8x8,systolic_array.PE[50].psum_spad,PE_SPAD,read,12348.0,/home/cs25m115/Neural_Acc/exp1/stage7c_per_layer_energy/runs/conv2_64pe/scale_sim_output_scale_64pe_energy/action_count.yaml
conv2,64,8x8,systolic_array.PE[51].psum_spad,PE_SPAD,write,14112.0,/home/cs25m115/Neural_Acc/exp1/stage7c_per_layer_energy/runs/conv2_64pe/scale_sim_output_scale_64pe_energy/action_count.yaml
conv2,64,8x8,systolic_array.PE[51].psum_spad,PE_SPAD,read,12348.0,/home/cs25m115/Neural_Acc/exp1/stage7c_per_layer_energy/runs/conv2_64pe/scale_sim_output_scale_64pe_energy/action_count.yaml
conv2,64,8x8,systolic_array.PE[52].psum_spad,PE_SPAD,write,14112.0,/home/cs25m115/Neural_Acc/exp1/stage7c_per_layer_energy/runs/conv2_64pe/scale_sim_output_scale_64pe_energy/action_count.yaml
conv2,64,8x8,systolic_array.PE[52].psum_spad,PE_SPAD,read,12348.0,/home/cs25m115/Neural_Acc/exp1/stage7c_per_layer_energy/runs/conv2_64pe/scale_sim_output_scale_64pe_energy/action_count.yaml
conv2,64,8x8,systolic_array.PE[53].psum_spad,PE_SPAD,write,14112.0,/home/cs25m115/Neural_Acc/exp1/stage7c_per_layer_energy/runs/conv2_64pe/scale_sim_output_scale_64pe_energy/action_count.yaml
conv2,64,8x8,systolic_array.PE[53].psum_spad,PE_SPAD,read,12348.0,/home/cs25m115/Neural_Acc/exp1/stage7c_per_layer_energy/runs/conv2_64pe/scale_sim_output_scale_64pe_energy/action_count.yaml
conv2,64,8x8,systolic_array.PE[54].psum_spad,PE_SPAD,write,14112.0,/home/cs25m115/Neural_Acc/exp1/stage7c_per_layer_energy/runs/conv2_64pe/scale_sim_output_scale_64pe_energy/action_count.yaml
conv2,64,8x8,systolic_array.PE[54].psum_spad,PE_SPAD,read,12348.0,/home/cs25m115/Neural_Acc/exp1/stage7c_per_layer_energy/runs/conv2_64pe/scale_sim_output_scale_64pe_energy/action_count.yaml
conv2,64,8x8,systolic_array.PE[55].psum_spad,PE_SPAD,write,14112.0,/home/cs25m115/Neural_Acc/exp1/stage7c_per_layer_energy/runs/conv2_64pe/scale_sim_output_scale_64pe_energy/action_count.yaml
conv2,64,8x8,systolic_array.PE[55].psum_spad,PE_SPAD,read,12348.0,/home/cs25m115/Neural_Acc/exp1/stage7c_per_layer_energy/runs/conv2_64pe/scale_sim_output_scale_64pe_energy/action_count.yaml
conv2,64,8x8,systolic_array.PE[56].psum_spad,PE_SPAD,write,14112.0,/home/cs25m115/Neural_Acc/exp1/stage7c_per_layer_energy/runs/conv2_64pe/scale_sim_output_scale_64pe_energy/action_count.yaml
conv2,64,8x8,systolic_array.PE[56].psum_spad,PE_SPAD,read,12348.0,/home/cs25m115/Neural_Acc/exp1/stage7c_per_layer_energy/runs/conv2_64pe/scale_sim_output_scale_64pe_energy/action_count.yaml
conv2,64,8x8,systolic_array.PE[57].psum_spad,PE_SPAD,write,14112.0,/home/cs25m115/Neural_Acc/exp1/stage7c_per_layer_energy/runs/conv2_64pe/scale_sim_output_scale_64pe_energy/action_count.yaml
conv2,64,8x8,systolic_array.PE[57].psum_spad,PE_SPAD,read,12348.0,/home/cs25m115/Neural_Acc/exp1/stage7c_per_layer_energy/runs/conv2_64pe/scale_sim_output_scale_64pe_energy/action_count.yaml
conv2,64,8x8,systolic_array.PE[58].psum_spad,PE_SPAD,write,14112.0,/home/cs25m115/Neural_Acc/exp1/stage7c_per_layer_energy/runs/conv2_64pe/scale_sim_output_scale_64pe_energy/action_count.yaml
conv2,64,8x8,systolic_array.PE[58].psum_spad,PE_SPAD,read,12348.0,/home/cs25m115/Neural_Acc/exp1/stage7c_per_layer_energy/runs/conv2_64pe/scale_sim_output_scale_64pe_energy/action_count.yaml
conv2,64,8x8,systolic_array.PE[59].psum_spad,PE_SPAD,write,14112.0,/home/cs25m115/Neural_Acc/exp1/stage7c_per_layer_energy/runs/conv2_64pe/scale_sim_output_scale_64pe_energy/action_count.yaml
conv2,64,8x8,systolic_array.PE[59].psum_spad,PE_SPAD,read,12348.0,/home/cs25m115/Neural_Acc/exp1/stage7c_per_layer_energy/runs/conv2_64pe/scale_sim_output_scale_64pe_energy/action_count.yaml
conv2,64,8x8,systolic_array.PE[60].psum_spad,PE_SPAD,write,14112.0,/home/cs25m115/Neural_Acc/exp1/stage7c_per_layer_energy/runs/conv2_64pe/scale_sim_output_scale_64pe_energy/action_count.yaml
conv2,64,8x8,systolic_array.PE[60].psum_spad,PE_SPAD,read,12348.0,/home/cs25m115/Neural_Acc/exp1/stage7c_per_layer_energy/runs/conv2_64pe/scale_sim_output_scale_64pe_energy/action_count.yaml
conv2,64,8x8,systolic_array.PE[61].psum_spad,PE_SPAD,write,14112.0,/home/cs25m115/Neural_Acc/exp1/stage7c_per_layer_energy/runs/conv2_64pe/scale_sim_output_scale_64pe_energy/action_count.yaml
conv2,64,8x8,systolic_array.PE[61].psum_spad,PE_SPAD,read,12348.0,/home/cs25m115/Neural_Acc/exp1/stage7c_per_layer_energy/runs/conv2_64pe/scale_sim_output_scale_64pe_energy/action_count.yaml
conv2,64,8x8,systolic_array.PE[62].psum_spad,PE_SPAD,write,14112.0,/home/cs25m115/Neural_Acc/exp1/stage7c_per_layer_energy/runs/conv2_64pe/scale_sim_output_scale_64pe_energy/action_count.yaml
conv2,64,8x8,systolic_array.PE[62].psum_spad,PE_SPAD,read,12348.0,/home/cs25m115/Neural_Acc/exp1/stage7c_per_layer_energy/runs/conv2_64pe/scale_sim_output_scale_64pe_energy/action_count.yaml
conv2,64,8x8,systolic_array.PE[63].psum_spad,PE_SPAD,write,14112.0,/home/cs25m115/Neural_Acc/exp1/stage7c_per_layer_energy/runs/conv2_64pe/scale_sim_output_scale_64pe_energy/action_count.yaml
conv2,64,8x8,systolic_array.PE[63].psum_spad,PE_SPAD,read,12348.0,/home/cs25m115/Neural_Acc/exp1/stage7c_per_layer_energy/runs/conv2_64pe/scale_sim_output_scale_64pe_energy/action_count.yaml
conv2,64,8x8,systolic_array.PE[0].mac,MAC,mac_random,15695.0,/home/cs25m115/Neural_Acc/exp1/stage7c_per_layer_energy/runs/conv2_64pe/scale_sim_output_scale_64pe_energy/action_count.yaml
conv2,64,8x8,systolic_array.PE[1].mac,MAC,mac_random,15695.0,/home/cs25m115/Neural_Acc/exp1/stage7c_per_layer_energy/runs/conv2_64pe/scale_sim_output_scale_64pe_energy/action_count.yaml
conv2,64,8x8,systolic_array.PE[2].mac,MAC,mac_random,15695.0,/home/cs25m115/Neural_Acc/exp1/stage7c_per_layer_energy/runs/conv2_64pe/scale_sim_output_scale_64pe_energy/action_count.yaml
conv2,64,8x8,systolic_array.PE[3].mac,MAC,mac_random,15695.0,/home/cs25m115/Neural_Acc/exp1/stage7c_per_layer_energy/runs/conv2_64pe/scale_sim_output_scale_64pe_energy/action_count.yaml
conv2,64,8x8,systolic_array.PE[4].mac,MAC,mac_random,15695.0,/home/cs25m115/Neural_Acc/exp1/stage7c_per_layer_energy/runs/conv2_64pe/scale_sim_output_scale_64pe_energy/action_count.yaml
conv2,64,8x8,systolic_array.PE[5].mac,MAC,mac_random,15695.0,/home/cs25m115/Neural_Acc/exp1/stage7c_per_layer_energy/runs/conv2_64pe/scale_sim_output_scale_64pe_energy/action_count.yaml
conv2,64,8x8,systolic_array.PE[6].mac,MAC,mac_random,15695.0,/home/cs25m115/Neural_Acc/exp1/stage7c_per_layer_energy/runs/conv2_64pe/scale_sim_output_scale_64pe_energy/action_count.yaml
conv2,64,8x8,systolic_array.PE[7].mac,MAC,mac_random,15695.0,/home/cs25m115/Neural_Acc/exp1/stage7c_per_layer_energy/runs/conv2_64pe/scale_sim_output_scale_64pe_energy/action_count.yaml
conv2,64,8x8,systolic_array.PE[8].mac,MAC,mac_random,15695.0,/home/cs25m115/Neural_Acc/exp1/stage7c_per_layer_energy/runs/conv2_64pe/scale_sim_output_scale_64pe_energy/action_count.yaml
conv2,64,8x8,systolic_array.PE[9].mac,MAC,mac_random,15695.0,/home/cs25m115/Neural_Acc/exp1/stage7c_per_layer_energy/runs/conv2_64pe/scale_sim_output_scale_64pe_energy/action_count.yaml
conv2,64,8x8,systolic_array.PE[10].mac,MAC,mac_random,15695.0,/home/cs25m115/Neural_Acc/exp1/stage7c_per_layer_energy/runs/conv2_64pe/scale_sim_output_scale_64pe_energy/action_count.yaml
conv2,64,8x8,systolic_array.PE[11].mac,MAC,mac_random,15695.0,/home/cs25m115/Neural_Acc/exp1/stage7c_per_layer_energy/runs/conv2_64pe/scale_sim_output_scale_64pe_energy/action_count.yaml
conv2,64,8x8,systolic_array.PE[12].mac,MAC,mac_random,15695.0,/home/cs25m115/Neural_Acc/exp1/stage7c_per_layer_energy/runs/conv2_64pe/scale_sim_output_scale_64pe_energy/action_count.yaml
conv2,64,8x8,systolic_array.PE[13].mac,MAC,mac_random,15695.0,/home/cs25m115/Neural_Acc/exp1/stage7c_per_layer_energy/runs/conv2_64pe/scale_sim_output_scale_64pe_energy/action_count.yaml
conv2,64,8x8,systolic_array.PE[14].mac,MAC,mac_random,15695.0,/home/cs25m115/Neural_Acc/exp1/stage7c_per_layer_energy/runs/conv2_64pe/scale_sim_output_scale_64pe_energy/action_count.yaml
conv2,64,8x8,systolic_array.PE[15].mac,MAC,mac_random,15695.0,/home/cs25m115/Neural_Acc/exp1/stage7c_per_layer_energy/runs/conv2_64pe/scale_sim_output_scale_64pe_energy/action_count.yaml
conv2,64,8x8,systolic_array.PE[16].mac,MAC,mac_random,15695.0,/home/cs25m115/Neural_Acc/exp1/stage7c_per_layer_energy/runs/conv2_64pe/scale_sim_output_scale_64pe_energy/action_count.yaml
conv2,64,8x8,systolic_array.PE[17].mac,MAC,mac_random,15695.0,/home/cs25m115/Neural_Acc/exp1/stage7c_per_layer_energy/runs/conv2_64pe/scale_sim_output_scale_64pe_energy/action_count.yaml
conv2,64,8x8,systolic_array.PE[18].mac,MAC,mac_random,15695.0,/home/cs25m115/Neural_Acc/exp1/stage7c_per_layer_energy/runs/conv2_64pe/scale_sim_output_scale_64pe_energy/action_count.yaml
conv2,64,8x8,systolic_array.PE[19].mac,MAC,mac_random,15695.0,/home/cs25m115/Neural_Acc/exp1/stage7c_per_layer_energy/runs/conv2_64pe/scale_sim_output_scale_64pe_energy/action_count.yaml
conv2,64,8x8,systolic_array.PE[20].mac,MAC,mac_random,15695.0,/home/cs25m115/Neural_Acc/exp1/stage7c_per_layer_energy/runs/conv2_64pe/scale_sim_output_scale_64pe_energy/action_count.yaml
conv2,64,8x8,systolic_array.PE[21].mac,MAC,mac_random,15695.0,/home/cs25m115/Neural_Acc/exp1/stage7c_per_layer_energy/runs/conv2_64pe/scale_sim_output_scale_64pe_energy/action_count.yaml
conv2,64,8x8,systolic_array.PE[22].mac,MAC,mac_random,15695.0,/home/cs25m115/Neural_Acc/exp1/stage7c_per_layer_energy/runs/conv2_64pe/scale_sim_output_scale_64pe_energy/action_count.yaml
conv2,64,8x8,systolic_array.PE[23].mac,MAC,mac_random,15695.0,/home/cs25m115/Neural_Acc/exp1/stage7c_per_layer_energy/runs/conv2_64pe/scale_sim_output_scale_64pe_energy/action_count.yaml
conv2,64,8x8,systolic_array.PE[24].mac,MAC,mac_random,15695.0,/home/cs25m115/Neural_Acc/exp1/stage7c_per_layer_energy/runs/conv2_64pe/scale_sim_output_scale_64pe_energy/action_count.yaml
conv2,64,8x8,systolic_array.PE[25].mac,MAC,mac_random,15695.0,/home/cs25m115/Neural_Acc/exp1/stage7c_per_layer_energy/runs/conv2_64pe/scale_sim_output_scale_64pe_energy/action_count.yaml
conv2,64,8x8,systolic_array.PE[26].mac,MAC,mac_random,15695.0,/home/cs25m115/Neural_Acc/exp1/stage7c_per_layer_energy/runs/conv2_64pe/scale_sim_output_scale_64pe_energy/action_count.yaml
conv2,64,8x8,systolic_array.PE[27].mac,MAC,mac_random,15695.0,/home/cs25m115/Neural_Acc/exp1/stage7c_per_layer_energy/runs/conv2_64pe/scale_sim_output_scale_64pe_energy/action_count.yaml
conv2,64,8x8,systolic_array.PE[28].mac,MAC,mac_random,15695.0,/home/cs25m115/Neural_Acc/exp1/stage7c_per_layer_energy/runs/conv2_64pe/scale_sim_output_scale_64pe_energy/action_count.yaml
conv2,64,8x8,systolic_array.PE[29].mac,MAC,mac_random,15695.0,/home/cs25m115/Neural_Acc/exp1/stage7c_per_layer_energy/runs/conv2_64pe/scale_sim_output_scale_64pe_energy/action_count.yaml
conv2,64,8x8,systolic_array.PE[30].mac,MAC,mac_random,15695.0,/home/cs25m115/Neural_Acc/exp1/stage7c_per_layer_energy/runs/conv2_64pe/scale_sim_output_scale_64pe_energy/action_count.yaml
conv2,64,8x8,systolic_array.PE[31].mac,MAC,mac_random,15695.0,/home/cs25m115/Neural_Acc/exp1/stage7c_per_layer_energy/runs/conv2_64pe/scale_sim_output_scale_64pe_energy/action_count.yaml
conv2,64,8x8,systolic_array.PE[32].mac,MAC,mac_random,15695.0,/home/cs25m115/Neural_Acc/exp1/stage7c_per_layer_energy/runs/conv2_64pe/scale_sim_output_scale_64pe_energy/action_count.yaml
conv2,64,8x8,systolic_array.PE[33].mac,MAC,mac_random,15695.0,/home/cs25m115/Neural_Acc/exp1/stage7c_per_layer_energy/runs/conv2_64pe/scale_sim_output_scale_64pe_energy/action_count.yaml
conv2,64,8x8,systolic_array.PE[34].mac,MAC,mac_random,15695.0,/home/cs25m115/Neural_Acc/exp1/stage7c_per_layer_energy/runs/conv2_64pe/scale_sim_output_scale_64pe_energy/action_count.yaml
conv2,64,8x8,systolic_array.PE[35].mac,MAC,mac_random,15695.0,/home/cs25m115/Neural_Acc/exp1/stage7c_per_layer_energy/runs/conv2_64pe/scale_sim_output_scale_64pe_energy/action_count.yaml
conv2,64,8x8,systolic_array.PE[36].mac,MAC,mac_random,15695.0,/home/cs25m115/Neural_Acc/exp1/stage7c_per_layer_energy/runs/conv2_64pe/scale_sim_output_scale_64pe_energy/action_count.yaml
conv2,64,8x8,systolic_array.PE[37].mac,MAC,mac_random,15695.0,/home/cs25m115/Neural_Acc/exp1/stage7c_per_layer_energy/runs/conv2_64pe/scale_sim_output_scale_64pe_energy/action_count.yaml
conv2,64,8x8,systolic_array.PE[38].mac,MAC,mac_random,15695.0,/home/cs25m115/Neural_Acc/exp1/stage7c_per_layer_energy/runs/conv2_64pe/scale_sim_output_scale_64pe_energy/action_count.yaml
conv2,64,8x8,systolic_array.PE[39].mac,MAC,mac_random,15695.0,/home/cs25m115/Neural_Acc/exp1/stage7c_per_layer_energy/runs/conv2_64pe/scale_sim_output_scale_64pe_energy/action_count.yaml
conv2,64,8x8,systolic_array.PE[40].mac,MAC,mac_random,15695.0,/home/cs25m115/Neural_Acc/exp1/stage7c_per_layer_energy/runs/conv2_64pe/scale_sim_output_scale_64pe_energy/action_count.yaml
conv2,64,8x8,systolic_array.PE[41].mac,MAC,mac_random,15695.0,/home/cs25m115/Neural_Acc/exp1/stage7c_per_layer_energy/runs/conv2_64pe/scale_sim_output_scale_64pe_energy/action_count.yaml
conv2,64,8x8,systolic_array.PE[42].mac,MAC,mac_random,15695.0,/home/cs25m115/Neural_Acc/exp1/stage7c_per_layer_energy/runs/conv2_64pe/scale_sim_output_scale_64pe_energy/action_count.yaml
conv2,64,8x8,systolic_array.PE[43].mac,MAC,mac_random,15695.0,/home/cs25m115/Neural_Acc/exp1/stage7c_per_layer_energy/runs/conv2_64pe/scale_sim_output_scale_64pe_energy/action_count.yaml
conv2,64,8x8,systolic_array.PE[44].mac,MAC,mac_random,15695.0,/home/cs25m115/Neural_Acc/exp1/stage7c_per_layer_energy/runs/conv2_64pe/scale_sim_output_scale_64pe_energy/action_count.yaml
conv2,64,8x8,systolic_array.PE[45].mac,MAC,mac_random,15695.0,/home/cs25m115/Neural_Acc/exp1/stage7c_per_layer_energy/runs/conv2_64pe/scale_sim_output_scale_64pe_energy/action_count.yaml
conv2,64,8x8,systolic_array.PE[46].mac,MAC,mac_random,15695.0,/home/cs25m115/Neural_Acc/exp1/stage7c_per_layer_energy/runs/conv2_64pe/scale_sim_output_scale_64pe_energy/action_count.yaml
conv2,64,8x8,systolic_array.PE[47].mac,MAC,mac_random,15695.0,/home/cs25m115/Neural_Acc/exp1/stage7c_per_layer_energy/runs/conv2_64pe/scale_sim_output_scale_64pe_energy/action_count.yaml
conv2,64,8x8,systolic_array.PE[48].mac,MAC,mac_random,15695.0,/home/cs25m115/Neural_Acc/exp1/stage7c_per_layer_energy/runs/conv2_64pe/scale_sim_output_scale_64pe_energy/action_count.yaml
conv2,64,8x8,systolic_array.PE[49].mac,MAC,mac_random,15695.0,/home/cs25m115/Neural_Acc/exp1/stage7c_per_layer_energy/runs/conv2_64pe/scale_sim_output_scale_64pe_energy/action_count.yaml
conv2,64,8x8,systolic_array.PE[50].mac,MAC,mac_random,15695.0,/home/cs25m115/Neural_Acc/exp1/stage7c_per_layer_energy/runs/conv2_64pe/scale_sim_output_scale_64pe_energy/action_count.yaml
conv2,64,8x8,systolic_array.PE[51].mac,MAC,mac_random,15695.0,/home/cs25m115/Neural_Acc/exp1/stage7c_per_layer_energy/runs/conv2_64pe/scale_sim_output_scale_64pe_energy/action_count.yaml
conv2,64,8x8,systolic_array.PE[52].mac,MAC,mac_random,15695.0,/home/cs25m115/Neural_Acc/exp1/stage7c_per_layer_energy/runs/conv2_64pe/scale_sim_output_scale_64pe_energy/action_count.yaml
conv2,64,8x8,systolic_array.PE[53].mac,MAC,mac_random,15695.0,/home/cs25m115/Neural_Acc/exp1/stage7c_per_layer_energy/runs/conv2_64pe/scale_sim_output_scale_64pe_energy/action_count.yaml
conv2,64,8x8,systolic_array.PE[54].mac,MAC,mac_random,15695.0,/home/cs25m115/Neural_Acc/exp1/stage7c_per_layer_energy/runs/conv2_64pe/scale_sim_output_scale_64pe_energy/action_count.yaml
conv2,64,8x8,systolic_array.PE[55].mac,MAC,mac_random,15695.0,/home/cs25m115/Neural_Acc/exp1/stage7c_per_layer_energy/runs/conv2_64pe/scale_sim_output_scale_64pe_energy/action_count.yaml
conv2,64,8x8,systolic_array.PE[56].mac,MAC,mac_random,15695.0,/home/cs25m115/Neural_Acc/exp1/stage7c_per_layer_energy/runs/conv2_64pe/scale_sim_output_scale_64pe_energy/action_count.yaml
conv2,64,8x8,systolic_array.PE[57].mac,MAC,mac_random,15695.0,/home/cs25m115/Neural_Acc/exp1/stage7c_per_layer_energy/runs/conv2_64pe/scale_sim_output_scale_64pe_energy/action_count.yaml
conv2,64,8x8,systolic_array.PE[58].mac,MAC,mac_random,15695.0,/home/cs25m115/Neural_Acc/exp1/stage7c_per_layer_energy/runs/conv2_64pe/scale_sim_output_scale_64pe_energy/action_count.yaml
conv2,64,8x8,systolic_array.PE[59].mac,MAC,mac_random,15695.0,/home/cs25m115/Neural_Acc/exp1/stage7c_per_layer_energy/runs/conv2_64pe/scale_sim_output_scale_64pe_energy/action_count.yaml
conv2,64,8x8,systolic_array.PE[60].mac,MAC,mac_random,15695.0,/home/cs25m115/Neural_Acc/exp1/stage7c_per_layer_energy/runs/conv2_64pe/scale_sim_output_scale_64pe_energy/action_count.yaml
conv2,64,8x8,systolic_array.PE[61].mac,MAC,mac_random,15695.0,/home/cs25m115/Neural_Acc/exp1/stage7c_per_layer_energy/runs/conv2_64pe/scale_sim_output_scale_64pe_energy/action_count.yaml
conv2,64,8x8,systolic_array.PE[62].mac,MAC,mac_random,15695.0,/home/cs25m115/Neural_Acc/exp1/stage7c_per_layer_energy/runs/conv2_64pe/scale_sim_output_scale_64pe_energy/action_count.yaml
conv2,64,8x8,systolic_array.PE[63].mac,MAC,mac_random,15695.0,/home/cs25m115/Neural_Acc/exp1/stage7c_per_layer_energy/runs/conv2_64pe/scale_sim_output_scale_64pe_energy/action_count.yaml
conv3,16,4x4,systolic_array.ifmap_dram,DRAM,read,2048.0,/home/cs25m115/Neural_Acc/exp1/stage7c_per_layer_energy/runs/conv3_16pe/scale_sim_output_scale_16pe_energy/action_count.yaml
conv3,16,4x4,systolic_array.ifmap_dram,DRAM,idle,-1524.0,/home/cs25m115/Neural_Acc/exp1/stage7c_per_layer_energy/runs/conv3_16pe/scale_sim_output_scale_16pe_energy/action_count.yaml
conv3,16,4x4,systolic_array.weights_dram,DRAM,read,18432.0,/home/cs25m115/Neural_Acc/exp1/stage7c_per_layer_energy/runs/conv3_16pe/scale_sim_output_scale_16pe_energy/action_count.yaml
conv3,16,4x4,systolic_array.weights_dram,DRAM,idle,-14632.0,/home/cs25m115/Neural_Acc/exp1/stage7c_per_layer_energy/runs/conv3_16pe/scale_sim_output_scale_16pe_energy/action_count.yaml
conv3,16,4x4,systolic_array.psum_dram,DRAM,write,165891.0,/home/cs25m115/Neural_Acc/exp1/stage7c_per_layer_energy/runs/conv3_16pe/scale_sim_output_scale_16pe_energy/action_count.yaml
conv3,16,4x4,systolic_array.psum_dram,DRAM,idle,-65771.0,/home/cs25m115/Neural_Acc/exp1/stage7c_per_layer_energy/runs/conv3_16pe/scale_sim_output_scale_16pe_energy/action_count.yaml
conv3,16,4x4,systolic_array.ifmap_glb,GLB_SRAM,read,66368.0,/home/cs25m115/Neural_Acc/exp1/stage7c_per_layer_energy/runs/conv3_16pe/scale_sim_output_scale_16pe_energy/action_count.yaml
conv3,16,4x4,systolic_array.ifmap_glb,GLB_SRAM,read,99520.0,/home/cs25m115/Neural_Acc/exp1/stage7c_per_layer_energy/runs/conv3_16pe/scale_sim_output_scale_16pe_energy/action_count.yaml
conv3,16,4x4,systolic_array.ifmap_glb,GLB_SRAM,idle,46052.0,/home/cs25m115/Neural_Acc/exp1/stage7c_per_layer_energy/runs/conv3_16pe/scale_sim_output_scale_16pe_energy/action_count.yaml
conv3,16,4x4,systolic_array.weights_glb,GLB_SRAM,read,7373.0,/home/cs25m115/Neural_Acc/exp1/stage7c_per_layer_energy/runs/conv3_16pe/scale_sim_output_scale_16pe_energy/action_count.yaml
conv3,16,4x4,systolic_array.weights_glb,GLB_SRAM,read,11059.0,/home/cs25m115/Neural_Acc/exp1/stage7c_per_layer_energy/runs/conv3_16pe/scale_sim_output_scale_16pe_energy/action_count.yaml
conv3,16,4x4,systolic_array.weights_glb,GLB_SRAM,idle,193368.0,/home/cs25m115/Neural_Acc/exp1/stage7c_per_layer_energy/runs/conv3_16pe/scale_sim_output_scale_16pe_energy/action_count.yaml
conv3,16,4x4,systolic_array.psum_glb,GLB_SRAM,update,66368.0,/home/cs25m115/Neural_Acc/exp1/stage7c_per_layer_energy/runs/conv3_16pe/scale_sim_output_scale_16pe_energy/action_count.yaml
conv3,16,4x4,systolic_array.psum_glb,GLB_SRAM,update,99520.0,/home/cs25m115/Neural_Acc/exp1/stage7c_per_layer_energy/runs/conv3_16pe/scale_sim_output_scale_16pe_energy/action_count.yaml
conv3,16,4x4,systolic_array.psum_glb,GLB_SRAM,idle,46052.0,/home/cs25m115/Neural_Acc/exp1/stage7c_per_layer_energy/runs/conv3_16pe/scale_sim_output_scale_16pe_energy/action_count.yaml
conv3,16,4x4,systolic_array.PE[0].weights_spad,PE_SPAD,write,2880.0,/home/cs25m115/Neural_Acc/exp1/stage7c_per_layer_energy/runs/conv3_16pe/scale_sim_output_scale_16pe_energy/action_count.yaml
conv3,16,4x4,systolic_array.PE[0].weights_spad,PE_SPAD,read,43200.0,/home/cs25m115/Neural_Acc/exp1/stage7c_per_layer_energy/runs/conv3_16pe/scale_sim_output_scale_16pe_energy/action_count.yaml
conv3,16,4x4,systolic_array.PE[1].weights_spad,PE_SPAD,write,2880.0,/home/cs25m115/Neural_Acc/exp1/stage7c_per_layer_energy/runs/conv3_16pe/scale_sim_output_scale_16pe_energy/action_count.yaml
conv3,16,4x4,systolic_array.PE[1].weights_spad,PE_SPAD,read,43200.0,/home/cs25m115/Neural_Acc/exp1/stage7c_per_layer_energy/runs/conv3_16pe/scale_sim_output_scale_16pe_energy/action_count.yaml
conv3,16,4x4,systolic_array.PE[2].weights_spad,PE_SPAD,write,2880.0,/home/cs25m115/Neural_Acc/exp1/stage7c_per_layer_energy/runs/conv3_16pe/scale_sim_output_scale_16pe_energy/action_count.yaml
conv3,16,4x4,systolic_array.PE[2].weights_spad,PE_SPAD,read,43200.0,/home/cs25m115/Neural_Acc/exp1/stage7c_per_layer_energy/runs/conv3_16pe/scale_sim_output_scale_16pe_energy/action_count.yaml
conv3,16,4x4,systolic_array.PE[3].weights_spad,PE_SPAD,write,2880.0,/home/cs25m115/Neural_Acc/exp1/stage7c_per_layer_energy/runs/conv3_16pe/scale_sim_output_scale_16pe_energy/action_count.yaml
conv3,16,4x4,systolic_array.PE[3].weights_spad,PE_SPAD,read,43200.0,/home/cs25m115/Neural_Acc/exp1/stage7c_per_layer_energy/runs/conv3_16pe/scale_sim_output_scale_16pe_energy/action_count.yaml
conv3,16,4x4,systolic_array.PE[4].weights_spad,PE_SPAD,write,2880.0,/home/cs25m115/Neural_Acc/exp1/stage7c_per_layer_energy/runs/conv3_16pe/scale_sim_output_scale_16pe_energy/action_count.yaml
conv3,16,4x4,systolic_array.PE[4].weights_spad,PE_SPAD,read,43200.0,/home/cs25m115/Neural_Acc/exp1/stage7c_per_layer_energy/runs/conv3_16pe/scale_sim_output_scale_16pe_energy/action_count.yaml
conv3,16,4x4,systolic_array.PE[5].weights_spad,PE_SPAD,write,2880.0,/home/cs25m115/Neural_Acc/exp1/stage7c_per_layer_energy/runs/conv3_16pe/scale_sim_output_scale_16pe_energy/action_count.yaml
conv3,16,4x4,systolic_array.PE[5].weights_spad,PE_SPAD,read,43200.0,/home/cs25m115/Neural_Acc/exp1/stage7c_per_layer_energy/runs/conv3_16pe/scale_sim_output_scale_16pe_energy/action_count.yaml
conv3,16,4x4,systolic_array.PE[6].weights_spad,PE_SPAD,write,2880.0,/home/cs25m115/Neural_Acc/exp1/stage7c_per_layer_energy/runs/conv3_16pe/scale_sim_output_scale_16pe_energy/action_count.yaml
conv3,16,4x4,systolic_array.PE[6].weights_spad,PE_SPAD,read,43200.0,/home/cs25m115/Neural_Acc/exp1/stage7c_per_layer_energy/runs/conv3_16pe/scale_sim_output_scale_16pe_energy/action_count.yaml
conv3,16,4x4,systolic_array.PE[7].weights_spad,PE_SPAD,write,2880.0,/home/cs25m115/Neural_Acc/exp1/stage7c_per_layer_energy/runs/conv3_16pe/scale_sim_output_scale_16pe_energy/action_count.yaml
conv3,16,4x4,systolic_array.PE[7].weights_spad,PE_SPAD,read,43200.0,/home/cs25m115/Neural_Acc/exp1/stage7c_per_layer_energy/runs/conv3_16pe/scale_sim_output_scale_16pe_energy/action_count.yaml
conv3,16,4x4,systolic_array.PE[8].weights_spad,PE_SPAD,write,2880.0,/home/cs25m115/Neural_Acc/exp1/stage7c_per_layer_energy/runs/conv3_16pe/scale_sim_output_scale_16pe_energy/action_count.yaml
conv3,16,4x4,systolic_array.PE[8].weights_spad,PE_SPAD,read,43200.0,/home/cs25m115/Neural_Acc/exp1/stage7c_per_layer_energy/runs/conv3_16pe/scale_sim_output_scale_16pe_energy/action_count.yaml
conv3,16,4x4,systolic_array.PE[9].weights_spad,PE_SPAD,write,2880.0,/home/cs25m115/Neural_Acc/exp1/stage7c_per_layer_energy/runs/conv3_16pe/scale_sim_output_scale_16pe_energy/action_count.yaml
conv3,16,4x4,systolic_array.PE[9].weights_spad,PE_SPAD,read,43200.0,/home/cs25m115/Neural_Acc/exp1/stage7c_per_layer_energy/runs/conv3_16pe/scale_sim_output_scale_16pe_energy/action_count.yaml
conv3,16,4x4,systolic_array.PE[10].weights_spad,PE_SPAD,write,2880.0,/home/cs25m115/Neural_Acc/exp1/stage7c_per_layer_energy/runs/conv3_16pe/scale_sim_output_scale_16pe_energy/action_count.yaml
conv3,16,4x4,systolic_array.PE[10].weights_spad,PE_SPAD,read,43200.0,/home/cs25m115/Neural_Acc/exp1/stage7c_per_layer_energy/runs/conv3_16pe/scale_sim_output_scale_16pe_energy/action_count.yaml
conv3,16,4x4,systolic_array.PE[11].weights_spad,PE_SPAD,write,2880.0,/home/cs25m115/Neural_Acc/exp1/stage7c_per_layer_energy/runs/conv3_16pe/scale_sim_output_scale_16pe_energy/action_count.yaml
conv3,16,4x4,systolic_array.PE[11].weights_spad,PE_SPAD,read,43200.0,/home/cs25m115/Neural_Acc/exp1/stage7c_per_layer_energy/runs/conv3_16pe/scale_sim_output_scale_16pe_energy/action_count.yaml
conv3,16,4x4,systolic_array.PE[12].weights_spad,PE_SPAD,write,2880.0,/home/cs25m115/Neural_Acc/exp1/stage7c_per_layer_energy/runs/conv3_16pe/scale_sim_output_scale_16pe_energy/action_count.yaml
conv3,16,4x4,systolic_array.PE[12].weights_spad,PE_SPAD,read,43200.0,/home/cs25m115/Neural_Acc/exp1/stage7c_per_layer_energy/runs/conv3_16pe/scale_sim_output_scale_16pe_energy/action_count.yaml
conv3,16,4x4,systolic_array.PE[13].weights_spad,PE_SPAD,write,2880.0,/home/cs25m115/Neural_Acc/exp1/stage7c_per_layer_energy/runs/conv3_16pe/scale_sim_output_scale_16pe_energy/action_count.yaml
conv3,16,4x4,systolic_array.PE[13].weights_spad,PE_SPAD,read,43200.0,/home/cs25m115/Neural_Acc/exp1/stage7c_per_layer_energy/runs/conv3_16pe/scale_sim_output_scale_16pe_energy/action_count.yaml
conv3,16,4x4,systolic_array.PE[14].weights_spad,PE_SPAD,write,2880.0,/home/cs25m115/Neural_Acc/exp1/stage7c_per_layer_energy/runs/conv3_16pe/scale_sim_output_scale_16pe_energy/action_count.yaml
conv3,16,4x4,systolic_array.PE[14].weights_spad,PE_SPAD,read,43200.0,/home/cs25m115/Neural_Acc/exp1/stage7c_per_layer_energy/runs/conv3_16pe/scale_sim_output_scale_16pe_energy/action_count.yaml
conv3,16,4x4,systolic_array.PE[15].weights_spad,PE_SPAD,write,2880.0,/home/cs25m115/Neural_Acc/exp1/stage7c_per_layer_energy/runs/conv3_16pe/scale_sim_output_scale_16pe_energy/action_count.yaml
conv3,16,4x4,systolic_array.PE[15].weights_spad,PE_SPAD,read,43200.0,/home/cs25m115/Neural_Acc/exp1/stage7c_per_layer_energy/runs/conv3_16pe/scale_sim_output_scale_16pe_energy/action_count.yaml
conv3,16,4x4,systolic_array.PE[0].ifmap_spad,PE_SPAD,write,41472.0,/home/cs25m115/Neural_Acc/exp1/stage7c_per_layer_energy/runs/conv3_16pe/scale_sim_output_scale_16pe_energy/action_count.yaml
conv3,16,4x4,systolic_array.PE[0].ifmap_spad,PE_SPAD,read,72576.0,/home/cs25m115/Neural_Acc/exp1/stage7c_per_layer_energy/runs/conv3_16pe/scale_sim_output_scale_16pe_energy/action_count.yaml
conv3,16,4x4,systolic_array.PE[1].ifmap_spad,PE_SPAD,write,41472.0,/home/cs25m115/Neural_Acc/exp1/stage7c_per_layer_energy/runs/conv3_16pe/scale_sim_output_scale_16pe_energy/action_count.yaml
conv3,16,4x4,systolic_array.PE[1].ifmap_spad,PE_SPAD,read,72576.0,/home/cs25m115/Neural_Acc/exp1/stage7c_per_layer_energy/runs/conv3_16pe/scale_sim_output_scale_16pe_energy/action_count.yaml
conv3,16,4x4,systolic_array.PE[2].ifmap_spad,PE_SPAD,write,41472.0,/home/cs25m115/Neural_Acc/exp1/stage7c_per_layer_energy/runs/conv3_16pe/scale_sim_output_scale_16pe_energy/action_count.yaml
conv3,16,4x4,systolic_array.PE[2].ifmap_spad,PE_SPAD,read,72576.0,/home/cs25m115/Neural_Acc/exp1/stage7c_per_layer_energy/runs/conv3_16pe/scale_sim_output_scale_16pe_energy/action_count.yaml
conv3,16,4x4,systolic_array.PE[3].ifmap_spad,PE_SPAD,write,41472.0,/home/cs25m115/Neural_Acc/exp1/stage7c_per_layer_energy/runs/conv3_16pe/scale_sim_output_scale_16pe_energy/action_count.yaml
conv3,16,4x4,systolic_array.PE[3].ifmap_spad,PE_SPAD,read,72576.0,/home/cs25m115/Neural_Acc/exp1/stage7c_per_layer_energy/runs/conv3_16pe/scale_sim_output_scale_16pe_energy/action_count.yaml
conv3,16,4x4,systolic_array.PE[4].ifmap_spad,PE_SPAD,write,41472.0,/home/cs25m115/Neural_Acc/exp1/stage7c_per_layer_energy/runs/conv3_16pe/scale_sim_output_scale_16pe_energy/action_count.yaml
conv3,16,4x4,systolic_array.PE[4].ifmap_spad,PE_SPAD,read,72576.0,/home/cs25m115/Neural_Acc/exp1/stage7c_per_layer_energy/runs/conv3_16pe/scale_sim_output_scale_16pe_energy/action_count.yaml
conv3,16,4x4,systolic_array.PE[5].ifmap_spad,PE_SPAD,write,41472.0,/home/cs25m115/Neural_Acc/exp1/stage7c_per_layer_energy/runs/conv3_16pe/scale_sim_output_scale_16pe_energy/action_count.yaml
conv3,16,4x4,systolic_array.PE[5].ifmap_spad,PE_SPAD,read,72576.0,/home/cs25m115/Neural_Acc/exp1/stage7c_per_layer_energy/runs/conv3_16pe/scale_sim_output_scale_16pe_energy/action_count.yaml
conv3,16,4x4,systolic_array.PE[6].ifmap_spad,PE_SPAD,write,41472.0,/home/cs25m115/Neural_Acc/exp1/stage7c_per_layer_energy/runs/conv3_16pe/scale_sim_output_scale_16pe_energy/action_count.yaml
conv3,16,4x4,systolic_array.PE[6].ifmap_spad,PE_SPAD,read,72576.0,/home/cs25m115/Neural_Acc/exp1/stage7c_per_layer_energy/runs/conv3_16pe/scale_sim_output_scale_16pe_energy/action_count.yaml
conv3,16,4x4,systolic_array.PE[7].ifmap_spad,PE_SPAD,write,41472.0,/home/cs25m115/Neural_Acc/exp1/stage7c_per_layer_energy/runs/conv3_16pe/scale_sim_output_scale_16pe_energy/action_count.yaml
conv3,16,4x4,systolic_array.PE[7].ifmap_spad,PE_SPAD,read,72576.0,/home/cs25m115/Neural_Acc/exp1/stage7c_per_layer_energy/runs/conv3_16pe/scale_sim_output_scale_16pe_energy/action_count.yaml
conv3,16,4x4,systolic_array.PE[8].ifmap_spad,PE_SPAD,write,41472.0,/home/cs25m115/Neural_Acc/exp1/stage7c_per_layer_energy/runs/conv3_16pe/scale_sim_output_scale_16pe_energy/action_count.yaml
conv3,16,4x4,systolic_array.PE[8].ifmap_spad,PE_SPAD,read,72576.0,/home/cs25m115/Neural_Acc/exp1/stage7c_per_layer_energy/runs/conv3_16pe/scale_sim_output_scale_16pe_energy/action_count.yaml
conv3,16,4x4,systolic_array.PE[9].ifmap_spad,PE_SPAD,write,41472.0,/home/cs25m115/Neural_Acc/exp1/stage7c_per_layer_energy/runs/conv3_16pe/scale_sim_output_scale_16pe_energy/action_count.yaml
conv3,16,4x4,systolic_array.PE[9].ifmap_spad,PE_SPAD,read,72576.0,/home/cs25m115/Neural_Acc/exp1/stage7c_per_layer_energy/runs/conv3_16pe/scale_sim_output_scale_16pe_energy/action_count.yaml
conv3,16,4x4,systolic_array.PE[10].ifmap_spad,PE_SPAD,write,41472.0,/home/cs25m115/Neural_Acc/exp1/stage7c_per_layer_energy/runs/conv3_16pe/scale_sim_output_scale_16pe_energy/action_count.yaml
conv3,16,4x4,systolic_array.PE[10].ifmap_spad,PE_SPAD,read,72576.0,/home/cs25m115/Neural_Acc/exp1/stage7c_per_layer_energy/runs/conv3_16pe/scale_sim_output_scale_16pe_energy/action_count.yaml
conv3,16,4x4,systolic_array.PE[11].ifmap_spad,PE_SPAD,write,41472.0,/home/cs25m115/Neural_Acc/exp1/stage7c_per_layer_energy/runs/conv3_16pe/scale_sim_output_scale_16pe_energy/action_count.yaml
conv3,16,4x4,systolic_array.PE[11].ifmap_spad,PE_SPAD,read,72576.0,/home/cs25m115/Neural_Acc/exp1/stage7c_per_layer_energy/runs/conv3_16pe/scale_sim_output_scale_16pe_energy/action_count.yaml
conv3,16,4x4,systolic_array.PE[12].ifmap_spad,PE_SPAD,write,41472.0,/home/cs25m115/Neural_Acc/exp1/stage7c_per_layer_energy/runs/conv3_16pe/scale_sim_output_scale_16pe_energy/action_count.yaml
conv3,16,4x4,systolic_array.PE[12].ifmap_spad,PE_SPAD,read,72576.0,/home/cs25m115/Neural_Acc/exp1/stage7c_per_layer_energy/runs/conv3_16pe/scale_sim_output_scale_16pe_energy/action_count.yaml
conv3,16,4x4,systolic_array.PE[13].ifmap_spad,PE_SPAD,write,41472.0,/home/cs25m115/Neural_Acc/exp1/stage7c_per_layer_energy/runs/conv3_16pe/scale_sim_output_scale_16pe_energy/action_count.yaml
conv3,16,4x4,systolic_array.PE[13].ifmap_spad,PE_SPAD,read,72576.0,/home/cs25m115/Neural_Acc/exp1/stage7c_per_layer_energy/runs/conv3_16pe/scale_sim_output_scale_16pe_energy/action_count.yaml
conv3,16,4x4,systolic_array.PE[14].ifmap_spad,PE_SPAD,write,41472.0,/home/cs25m115/Neural_Acc/exp1/stage7c_per_layer_energy/runs/conv3_16pe/scale_sim_output_scale_16pe_energy/action_count.yaml
conv3,16,4x4,systolic_array.PE[14].ifmap_spad,PE_SPAD,read,72576.0,/home/cs25m115/Neural_Acc/exp1/stage7c_per_layer_energy/runs/conv3_16pe/scale_sim_output_scale_16pe_energy/action_count.yaml
conv3,16,4x4,systolic_array.PE[15].ifmap_spad,PE_SPAD,write,41472.0,/home/cs25m115/Neural_Acc/exp1/stage7c_per_layer_energy/runs/conv3_16pe/scale_sim_output_scale_16pe_energy/action_count.yaml
conv3,16,4x4,systolic_array.PE[15].ifmap_spad,PE_SPAD,read,72576.0,/home/cs25m115/Neural_Acc/exp1/stage7c_per_layer_energy/runs/conv3_16pe/scale_sim_output_scale_16pe_energy/action_count.yaml
conv3,16,4x4,systolic_array.PE[0].psum_spad,PE_SPAD,write,41472.0,/home/cs25m115/Neural_Acc/exp1/stage7c_per_layer_energy/runs/conv3_16pe/scale_sim_output_scale_16pe_energy/action_count.yaml
conv3,16,4x4,systolic_array.PE[0].psum_spad,PE_SPAD,read,31104.0,/home/cs25m115/Neural_Acc/exp1/stage7c_per_layer_energy/runs/conv3_16pe/scale_sim_output_scale_16pe_energy/action_count.yaml
conv3,16,4x4,systolic_array.PE[1].psum_spad,PE_SPAD,write,41472.0,/home/cs25m115/Neural_Acc/exp1/stage7c_per_layer_energy/runs/conv3_16pe/scale_sim_output_scale_16pe_energy/action_count.yaml
conv3,16,4x4,systolic_array.PE[1].psum_spad,PE_SPAD,read,31104.0,/home/cs25m115/Neural_Acc/exp1/stage7c_per_layer_energy/runs/conv3_16pe/scale_sim_output_scale_16pe_energy/action_count.yaml
conv3,16,4x4,systolic_array.PE[2].psum_spad,PE_SPAD,write,41472.0,/home/cs25m115/Neural_Acc/exp1/stage7c_per_layer_energy/runs/conv3_16pe/scale_sim_output_scale_16pe_energy/action_count.yaml
conv3,16,4x4,systolic_array.PE[2].psum_spad,PE_SPAD,read,31104.0,/home/cs25m115/Neural_Acc/exp1/stage7c_per_layer_energy/runs/conv3_16pe/scale_sim_output_scale_16pe_energy/action_count.yaml
conv3,16,4x4,systolic_array.PE[3].psum_spad,PE_SPAD,write,41472.0,/home/cs25m115/Neural_Acc/exp1/stage7c_per_layer_energy/runs/conv3_16pe/scale_sim_output_scale_16pe_energy/action_count.yaml
conv3,16,4x4,systolic_array.PE[3].psum_spad,PE_SPAD,read,31104.0,/home/cs25m115/Neural_Acc/exp1/stage7c_per_layer_energy/runs/conv3_16pe/scale_sim_output_scale_16pe_energy/action_count.yaml
conv3,16,4x4,systolic_array.PE[4].psum_spad,PE_SPAD,write,41472.0,/home/cs25m115/Neural_Acc/exp1/stage7c_per_layer_energy/runs/conv3_16pe/scale_sim_output_scale_16pe_energy/action_count.yaml
conv3,16,4x4,systolic_array.PE[4].psum_spad,PE_SPAD,read,31104.0,/home/cs25m115/Neural_Acc/exp1/stage7c_per_layer_energy/runs/conv3_16pe/scale_sim_output_scale_16pe_energy/action_count.yaml
conv3,16,4x4,systolic_array.PE[5].psum_spad,PE_SPAD,write,41472.0,/home/cs25m115/Neural_Acc/exp1/stage7c_per_layer_energy/runs/conv3_16pe/scale_sim_output_scale_16pe_energy/action_count.yaml
conv3,16,4x4,systolic_array.PE[5].psum_spad,PE_SPAD,read,31104.0,/home/cs25m115/Neural_Acc/exp1/stage7c_per_layer_energy/runs/conv3_16pe/scale_sim_output_scale_16pe_energy/action_count.yaml
conv3,16,4x4,systolic_array.PE[6].psum_spad,PE_SPAD,write,41472.0,/home/cs25m115/Neural_Acc/exp1/stage7c_per_layer_energy/runs/conv3_16pe/scale_sim_output_scale_16pe_energy/action_count.yaml
conv3,16,4x4,systolic_array.PE[6].psum_spad,PE_SPAD,read,31104.0,/home/cs25m115/Neural_Acc/exp1/stage7c_per_layer_energy/runs/conv3_16pe/scale_sim_output_scale_16pe_energy/action_count.yaml
conv3,16,4x4,systolic_array.PE[7].psum_spad,PE_SPAD,write,41472.0,/home/cs25m115/Neural_Acc/exp1/stage7c_per_layer_energy/runs/conv3_16pe/scale_sim_output_scale_16pe_energy/action_count.yaml
conv3,16,4x4,systolic_array.PE[7].psum_spad,PE_SPAD,read,31104.0,/home/cs25m115/Neural_Acc/exp1/stage7c_per_layer_energy/runs/conv3_16pe/scale_sim_output_scale_16pe_energy/action_count.yaml
conv3,16,4x4,systolic_array.PE[8].psum_spad,PE_SPAD,write,41472.0,/home/cs25m115/Neural_Acc/exp1/stage7c_per_layer_energy/runs/conv3_16pe/scale_sim_output_scale_16pe_energy/action_count.yaml
conv3,16,4x4,systolic_array.PE[8].psum_spad,PE_SPAD,read,31104.0,/home/cs25m115/Neural_Acc/exp1/stage7c_per_layer_energy/runs/conv3_16pe/scale_sim_output_scale_16pe_energy/action_count.yaml
conv3,16,4x4,systolic_array.PE[9].psum_spad,PE_SPAD,write,41472.0,/home/cs25m115/Neural_Acc/exp1/stage7c_per_layer_energy/runs/conv3_16pe/scale_sim_output_scale_16pe_energy/action_count.yaml
conv3,16,4x4,systolic_array.PE[9].psum_spad,PE_SPAD,read,31104.0,/home/cs25m115/Neural_Acc/exp1/stage7c_per_layer_energy/runs/conv3_16pe/scale_sim_output_scale_16pe_energy/action_count.yaml
conv3,16,4x4,systolic_array.PE[10].psum_spad,PE_SPAD,write,41472.0,/home/cs25m115/Neural_Acc/exp1/stage7c_per_layer_energy/runs/conv3_16pe/scale_sim_output_scale_16pe_energy/action_count.yaml
conv3,16,4x4,systolic_array.PE[10].psum_spad,PE_SPAD,read,31104.0,/home/cs25m115/Neural_Acc/exp1/stage7c_per_layer_energy/runs/conv3_16pe/scale_sim_output_scale_16pe_energy/action_count.yaml
conv3,16,4x4,systolic_array.PE[11].psum_spad,PE_SPAD,write,41472.0,/home/cs25m115/Neural_Acc/exp1/stage7c_per_layer_energy/runs/conv3_16pe/scale_sim_output_scale_16pe_energy/action_count.yaml
conv3,16,4x4,systolic_array.PE[11].psum_spad,PE_SPAD,read,31104.0,/home/cs25m115/Neural_Acc/exp1/stage7c_per_layer_energy/runs/conv3_16pe/scale_sim_output_scale_16pe_energy/action_count.yaml
conv3,16,4x4,systolic_array.PE[12].psum_spad,PE_SPAD,write,41472.0,/home/cs25m115/Neural_Acc/exp1/stage7c_per_layer_energy/runs/conv3_16pe/scale_sim_output_scale_16pe_energy/action_count.yaml
conv3,16,4x4,systolic_array.PE[12].psum_spad,PE_SPAD,read,31104.0,/home/cs25m115/Neural_Acc/exp1/stage7c_per_layer_energy/runs/conv3_16pe/scale_sim_output_scale_16pe_energy/action_count.yaml
conv3,16,4x4,systolic_array.PE[13].psum_spad,PE_SPAD,write,41472.0,/home/cs25m115/Neural_Acc/exp1/stage7c_per_layer_energy/runs/conv3_16pe/scale_sim_output_scale_16pe_energy/action_count.yaml
conv3,16,4x4,systolic_array.PE[13].psum_spad,PE_SPAD,read,31104.0,/home/cs25m115/Neural_Acc/exp1/stage7c_per_layer_energy/runs/conv3_16pe/scale_sim_output_scale_16pe_energy/action_count.yaml
conv3,16,4x4,systolic_array.PE[14].psum_spad,PE_SPAD,write,41472.0,/home/cs25m115/Neural_Acc/exp1/stage7c_per_layer_energy/runs/conv3_16pe/scale_sim_output_scale_16pe_energy/action_count.yaml
conv3,16,4x4,systolic_array.PE[14].psum_spad,PE_SPAD,read,31104.0,/home/cs25m115/Neural_Acc/exp1/stage7c_per_layer_energy/runs/conv3_16pe/scale_sim_output_scale_16pe_energy/action_count.yaml
conv3,16,4x4,systolic_array.PE[15].psum_spad,PE_SPAD,write,41472.0,/home/cs25m115/Neural_Acc/exp1/stage7c_per_layer_energy/runs/conv3_16pe/scale_sim_output_scale_16pe_energy/action_count.yaml
conv3,16,4x4,systolic_array.PE[15].psum_spad,PE_SPAD,read,31104.0,/home/cs25m115/Neural_Acc/exp1/stage7c_per_layer_energy/runs/conv3_16pe/scale_sim_output_scale_16pe_energy/action_count.yaml
conv3,16,4x4,systolic_array.PE[0].mac,MAC,mac_random,52991.0,/home/cs25m115/Neural_Acc/exp1/stage7c_per_layer_energy/runs/conv3_16pe/scale_sim_output_scale_16pe_energy/action_count.yaml
conv3,16,4x4,systolic_array.PE[1].mac,MAC,mac_random,52991.0,/home/cs25m115/Neural_Acc/exp1/stage7c_per_layer_energy/runs/conv3_16pe/scale_sim_output_scale_16pe_energy/action_count.yaml
conv3,16,4x4,systolic_array.PE[2].mac,MAC,mac_random,52991.0,/home/cs25m115/Neural_Acc/exp1/stage7c_per_layer_energy/runs/conv3_16pe/scale_sim_output_scale_16pe_energy/action_count.yaml
conv3,16,4x4,systolic_array.PE[3].mac,MAC,mac_random,52991.0,/home/cs25m115/Neural_Acc/exp1/stage7c_per_layer_energy/runs/conv3_16pe/scale_sim_output_scale_16pe_energy/action_count.yaml
conv3,16,4x4,systolic_array.PE[4].mac,MAC,mac_random,52991.0,/home/cs25m115/Neural_Acc/exp1/stage7c_per_layer_energy/runs/conv3_16pe/scale_sim_output_scale_16pe_energy/action_count.yaml
conv3,16,4x4,systolic_array.PE[5].mac,MAC,mac_random,52991.0,/home/cs25m115/Neural_Acc/exp1/stage7c_per_layer_energy/runs/conv3_16pe/scale_sim_output_scale_16pe_energy/action_count.yaml
conv3,16,4x4,systolic_array.PE[6].mac,MAC,mac_random,52991.0,/home/cs25m115/Neural_Acc/exp1/stage7c_per_layer_energy/runs/conv3_16pe/scale_sim_output_scale_16pe_energy/action_count.yaml
conv3,16,4x4,systolic_array.PE[7].mac,MAC,mac_random,52991.0,/home/cs25m115/Neural_Acc/exp1/stage7c_per_layer_energy/runs/conv3_16pe/scale_sim_output_scale_16pe_energy/action_count.yaml
conv3,16,4x4,systolic_array.PE[8].mac,MAC,mac_random,52991.0,/home/cs25m115/Neural_Acc/exp1/stage7c_per_layer_energy/runs/conv3_16pe/scale_sim_output_scale_16pe_energy/action_count.yaml
conv3,16,4x4,systolic_array.PE[9].mac,MAC,mac_random,52991.0,/home/cs25m115/Neural_Acc/exp1/stage7c_per_layer_energy/runs/conv3_16pe/scale_sim_output_scale_16pe_energy/action_count.yaml
conv3,16,4x4,systolic_array.PE[10].mac,MAC,mac_random,52991.0,/home/cs25m115/Neural_Acc/exp1/stage7c_per_layer_energy/runs/conv3_16pe/scale_sim_output_scale_16pe_energy/action_count.yaml
conv3,16,4x4,systolic_array.PE[11].mac,MAC,mac_random,52991.0,/home/cs25m115/Neural_Acc/exp1/stage7c_per_layer_energy/runs/conv3_16pe/scale_sim_output_scale_16pe_energy/action_count.yaml
conv3,16,4x4,systolic_array.PE[12].mac,MAC,mac_random,52991.0,/home/cs25m115/Neural_Acc/exp1/stage7c_per_layer_energy/runs/conv3_16pe/scale_sim_output_scale_16pe_energy/action_count.yaml
conv3,16,4x4,systolic_array.PE[13].mac,MAC,mac_random,52991.0,/home/cs25m115/Neural_Acc/exp1/stage7c_per_layer_energy/runs/conv3_16pe/scale_sim_output_scale_16pe_energy/action_count.yaml
conv3,16,4x4,systolic_array.PE[14].mac,MAC,mac_random,52991.0,/home/cs25m115/Neural_Acc/exp1/stage7c_per_layer_energy/runs/conv3_16pe/scale_sim_output_scale_16pe_energy/action_count.yaml
conv3,16,4x4,systolic_array.PE[15].mac,MAC,mac_random,52991.0,/home/cs25m115/Neural_Acc/exp1/stage7c_per_layer_energy/runs/conv3_16pe/scale_sim_output_scale_16pe_energy/action_count.yaml
conv3,32,4x8,systolic_array.ifmap_dram,DRAM,read,2048.0,/home/cs25m115/Neural_Acc/exp1/stage7c_per_layer_energy/runs/conv3_32pe/scale_sim_output_scale_32pe_energy/action_count.yaml
conv3,32,4x8,systolic_array.ifmap_dram,DRAM,idle,-1524.0,/home/cs25m115/Neural_Acc/exp1/stage7c_per_layer_energy/runs/conv3_32pe/scale_sim_output_scale_32pe_energy/action_count.yaml
conv3,32,4x8,systolic_array.weights_dram,DRAM,read,18432.0,/home/cs25m115/Neural_Acc/exp1/stage7c_per_layer_energy/runs/conv3_32pe/scale_sim_output_scale_32pe_energy/action_count.yaml
conv3,32,4x8,systolic_array.weights_dram,DRAM,idle,-14632.0,/home/cs25m115/Neural_Acc/exp1/stage7c_per_layer_energy/runs/conv3_32pe/scale_sim_output_scale_32pe_energy/action_count.yaml
conv3,32,4x8,systolic_array.psum_dram,DRAM,write,165895.0,/home/cs25m115/Neural_Acc/exp1/stage7c_per_layer_energy/runs/conv3_32pe/scale_sim_output_scale_32pe_energy/action_count.yaml
conv3,32,4x8,systolic_array.psum_dram,DRAM,idle,-112195.0,/home/cs25m115/Neural_Acc/exp1/stage7c_per_layer_energy/runs/conv3_32pe/scale_sim_output_scale_32pe_energy/action_count.yaml
conv3,32,4x8,systolic_array.ifmap_glb,GLB_SRAM,read,33184.0,/home/cs25m115/Neural_Acc/exp1/stage7c_per_layer_energy/runs/conv3_32pe/scale_sim_output_scale_32pe_energy/action_count.yaml
conv3,32,4x8,systolic_array.ifmap_glb,GLB_SRAM,read,49760.0,/home/cs25m115/Neural_Acc/exp1/stage7c_per_layer_energy/runs/conv3_32pe/scale_sim_output_scale_32pe_energy/action_count.yaml
conv3,32,4x8,systolic_array.ifmap_glb,GLB_SRAM,idle,32212.0,/home/cs25m115/Neural_Acc/exp1/stage7c_per_layer_energy/runs/conv3_32pe/scale_sim_output_scale_32pe_energy/action_count.yaml
conv3,32,4x8,systolic_array.weights_glb,GLB_SRAM,read,7373.0,/home/cs25m115/Neural_Acc/exp1/stage7c_per_layer_energy/runs/conv3_32pe/scale_sim_output_scale_32pe_energy/action_count.yaml
conv3,32,4x8,systolic_array.weights_glb,GLB_SRAM,read,11059.0,/home/cs25m115/Neural_Acc/exp1/stage7c_per_layer_energy/runs/conv3_32pe/scale_sim_output_scale_32pe_energy/action_count.yaml
conv3,32,4x8,systolic_array.weights_glb,GLB_SRAM,idle,211600.0,/home/cs25m115/Neural_Acc/exp1/stage7c_per_layer_energy/runs/conv3_32pe/scale_sim_output_scale_32pe_energy/action_count.yaml
conv3,32,4x8,systolic_array.psum_glb,GLB_SRAM,update,116128.0,/home/cs25m115/Neural_Acc/exp1/stage7c_per_layer_energy/runs/conv3_32pe/scale_sim_output_scale_32pe_energy/action_count.yaml
conv3,32,4x8,systolic_array.psum_glb,GLB_SRAM,update,49760.0,/home/cs25m115/Neural_Acc/exp1/stage7c_per_layer_energy/runs/conv3_32pe/scale_sim_output_scale_32pe_energy/action_count.yaml
conv3,32,4x8,systolic_array.psum_glb,GLB_SRAM,idle,64456.0,/home/cs25m115/Neural_Acc/exp1/stage7c_per_layer_energy/runs/conv3_32pe/scale_sim_output_scale_32pe_energy/action_count.yaml
conv3,32,4x8,systolic_array.PE[0].weights_spad,PE_SPAD,write,1440.0,/home/cs25m115/Neural_Acc/exp1/stage7c_per_layer_energy/runs/conv3_32pe/scale_sim_output_scale_32pe_energy/action_count.yaml
conv3,32,4x8,systolic_array.PE[0].weights_spad,PE_SPAD,read,21600.0,/home/cs25m115/Neural_Acc/exp1/stage7c_per_layer_energy/runs/conv3_32pe/scale_sim_output_scale_32pe_energy/action_count.yaml
conv3,32,4x8,systolic_array.PE[1].weights_spad,PE_SPAD,write,1440.0,/home/cs25m115/Neural_Acc/exp1/stage7c_per_layer_energy/runs/conv3_32pe/scale_sim_output_scale_32pe_energy/action_count.yaml
conv3,32,4x8,systolic_array.PE[1].weights_spad,PE_SPAD,read,21600.0,/home/cs25m115/Neural_Acc/exp1/stage7c_per_layer_energy/runs/conv3_32pe/scale_sim_output_scale_32pe_energy/action_count.yaml
conv3,32,4x8,systolic_array.PE[2].weights_spad,PE_SPAD,write,1440.0,/home/cs25m115/Neural_Acc/exp1/stage7c_per_layer_energy/runs/conv3_32pe/scale_sim_output_scale_32pe_energy/action_count.yaml
conv3,32,4x8,systolic_array.PE[2].weights_spad,PE_SPAD,read,21600.0,/home/cs25m115/Neural_Acc/exp1/stage7c_per_layer_energy/runs/conv3_32pe/scale_sim_output_scale_32pe_energy/action_count.yaml
conv3,32,4x8,systolic_array.PE[3].weights_spad,PE_SPAD,write,1440.0,/home/cs25m115/Neural_Acc/exp1/stage7c_per_layer_energy/runs/conv3_32pe/scale_sim_output_scale_32pe_energy/action_count.yaml
conv3,32,4x8,systolic_array.PE[3].weights_spad,PE_SPAD,read,21600.0,/home/cs25m115/Neural_Acc/exp1/stage7c_per_layer_energy/runs/conv3_32pe/scale_sim_output_scale_32pe_energy/action_count.yaml
conv3,32,4x8,systolic_array.PE[4].weights_spad,PE_SPAD,write,1440.0,/home/cs25m115/Neural_Acc/exp1/stage7c_per_layer_energy/runs/conv3_32pe/scale_sim_output_scale_32pe_energy/action_count.yaml
conv3,32,4x8,systolic_array.PE[4].weights_spad,PE_SPAD,read,21600.0,/home/cs25m115/Neural_Acc/exp1/stage7c_per_layer_energy/runs/conv3_32pe/scale_sim_output_scale_32pe_energy/action_count.yaml
conv3,32,4x8,systolic_array.PE[5].weights_spad,PE_SPAD,write,1440.0,/home/cs25m115/Neural_Acc/exp1/stage7c_per_layer_energy/runs/conv3_32pe/scale_sim_output_scale_32pe_energy/action_count.yaml
conv3,32,4x8,systolic_array.PE[5].weights_spad,PE_SPAD,read,21600.0,/home/cs25m115/Neural_Acc/exp1/stage7c_per_layer_energy/runs/conv3_32pe/scale_sim_output_scale_32pe_energy/action_count.yaml
conv3,32,4x8,systolic_array.PE[6].weights_spad,PE_SPAD,write,1440.0,/home/cs25m115/Neural_Acc/exp1/stage7c_per_layer_energy/runs/conv3_32pe/scale_sim_output_scale_32pe_energy/action_count.yaml
conv3,32,4x8,systolic_array.PE[6].weights_spad,PE_SPAD,read,21600.0,/home/cs25m115/Neural_Acc/exp1/stage7c_per_layer_energy/runs/conv3_32pe/scale_sim_output_scale_32pe_energy/action_count.yaml
conv3,32,4x8,systolic_array.PE[7].weights_spad,PE_SPAD,write,1440.0,/home/cs25m115/Neural_Acc/exp1/stage7c_per_layer_energy/runs/conv3_32pe/scale_sim_output_scale_32pe_energy/action_count.yaml
conv3,32,4x8,systolic_array.PE[7].weights_spad,PE_SPAD,read,21600.0,/home/cs25m115/Neural_Acc/exp1/stage7c_per_layer_energy/runs/conv3_32pe/scale_sim_output_scale_32pe_energy/action_count.yaml
conv3,32,4x8,systolic_array.PE[8].weights_spad,PE_SPAD,write,1440.0,/home/cs25m115/Neural_Acc/exp1/stage7c_per_layer_energy/runs/conv3_32pe/scale_sim_output_scale_32pe_energy/action_count.yaml
conv3,32,4x8,systolic_array.PE[8].weights_spad,PE_SPAD,read,21600.0,/home/cs25m115/Neural_Acc/exp1/stage7c_per_layer_energy/runs/conv3_32pe/scale_sim_output_scale_32pe_energy/action_count.yaml
conv3,32,4x8,systolic_array.PE[9].weights_spad,PE_SPAD,write,1440.0,/home/cs25m115/Neural_Acc/exp1/stage7c_per_layer_energy/runs/conv3_32pe/scale_sim_output_scale_32pe_energy/action_count.yaml
conv3,32,4x8,systolic_array.PE[9].weights_spad,PE_SPAD,read,21600.0,/home/cs25m115/Neural_Acc/exp1/stage7c_per_layer_energy/runs/conv3_32pe/scale_sim_output_scale_32pe_energy/action_count.yaml
conv3,32,4x8,systolic_array.PE[10].weights_spad,PE_SPAD,write,1440.0,/home/cs25m115/Neural_Acc/exp1/stage7c_per_layer_energy/runs/conv3_32pe/scale_sim_output_scale_32pe_energy/action_count.yaml
conv3,32,4x8,systolic_array.PE[10].weights_spad,PE_SPAD,read,21600.0,/home/cs25m115/Neural_Acc/exp1/stage7c_per_layer_energy/runs/conv3_32pe/scale_sim_output_scale_32pe_energy/action_count.yaml
conv3,32,4x8,systolic_array.PE[11].weights_spad,PE_SPAD,write,1440.0,/home/cs25m115/Neural_Acc/exp1/stage7c_per_layer_energy/runs/conv3_32pe/scale_sim_output_scale_32pe_energy/action_count.yaml
conv3,32,4x8,systolic_array.PE[11].weights_spad,PE_SPAD,read,21600.0,/home/cs25m115/Neural_Acc/exp1/stage7c_per_layer_energy/runs/conv3_32pe/scale_sim_output_scale_32pe_energy/action_count.yaml
conv3,32,4x8,systolic_array.PE[12].weights_spad,PE_SPAD,write,1440.0,/home/cs25m115/Neural_Acc/exp1/stage7c_per_layer_energy/runs/conv3_32pe/scale_sim_output_scale_32pe_energy/action_count.yaml
conv3,32,4x8,systolic_array.PE[12].weights_spad,PE_SPAD,read,21600.0,/home/cs25m115/Neural_Acc/exp1/stage7c_per_layer_energy/runs/conv3_32pe/scale_sim_output_scale_32pe_energy/action_count.yaml
conv3,32,4x8,systolic_array.PE[13].weights_spad,PE_SPAD,write,1440.0,/home/cs25m115/Neural_Acc/exp1/stage7c_per_layer_energy/runs/conv3_32pe/scale_sim_output_scale_32pe_energy/action_count.yaml
conv3,32,4x8,systolic_array.PE[13].weights_spad,PE_SPAD,read,21600.0,/home/cs25m115/Neural_Acc/exp1/stage7c_per_layer_energy/runs/conv3_32pe/scale_sim_output_scale_32pe_energy/action_count.yaml
conv3,32,4x8,systolic_array.PE[14].weights_spad,PE_SPAD,write,1440.0,/home/cs25m115/Neural_Acc/exp1/stage7c_per_layer_energy/runs/conv3_32pe/scale_sim_output_scale_32pe_energy/action_count.yaml
conv3,32,4x8,systolic_array.PE[14].weights_spad,PE_SPAD,read,21600.0,/home/cs25m115/Neural_Acc/exp1/stage7c_per_layer_energy/runs/conv3_32pe/scale_sim_output_scale_32pe_energy/action_count.yaml
conv3,32,4x8,systolic_array.PE[15].weights_spad,PE_SPAD,write,1440.0,/home/cs25m115/Neural_Acc/exp1/stage7c_per_layer_energy/runs/conv3_32pe/scale_sim_output_scale_32pe_energy/action_count.yaml
conv3,32,4x8,systolic_array.PE[15].weights_spad,PE_SPAD,read,21600.0,/home/cs25m115/Neural_Acc/exp1/stage7c_per_layer_energy/runs/conv3_32pe/scale_sim_output_scale_32pe_energy/action_count.yaml
conv3,32,4x8,systolic_array.PE[16].weights_spad,PE_SPAD,write,1440.0,/home/cs25m115/Neural_Acc/exp1/stage7c_per_layer_energy/runs/conv3_32pe/scale_sim_output_scale_32pe_energy/action_count.yaml
conv3,32,4x8,systolic_array.PE[16].weights_spad,PE_SPAD,read,21600.0,/home/cs25m115/Neural_Acc/exp1/stage7c_per_layer_energy/runs/conv3_32pe/scale_sim_output_scale_32pe_energy/action_count.yaml
conv3,32,4x8,systolic_array.PE[17].weights_spad,PE_SPAD,write,1440.0,/home/cs25m115/Neural_Acc/exp1/stage7c_per_layer_energy/runs/conv3_32pe/scale_sim_output_scale_32pe_energy/action_count.yaml
conv3,32,4x8,systolic_array.PE[17].weights_spad,PE_SPAD,read,21600.0,/home/cs25m115/Neural_Acc/exp1/stage7c_per_layer_energy/runs/conv3_32pe/scale_sim_output_scale_32pe_energy/action_count.yaml
conv3,32,4x8,systolic_array.PE[18].weights_spad,PE_SPAD,write,1440.0,/home/cs25m115/Neural_Acc/exp1/stage7c_per_layer_energy/runs/conv3_32pe/scale_sim_output_scale_32pe_energy/action_count.yaml
conv3,32,4x8,systolic_array.PE[18].weights_spad,PE_SPAD,read,21600.0,/home/cs25m115/Neural_Acc/exp1/stage7c_per_layer_energy/runs/conv3_32pe/scale_sim_output_scale_32pe_energy/action_count.yaml
conv3,32,4x8,systolic_array.PE[19].weights_spad,PE_SPAD,write,1440.0,/home/cs25m115/Neural_Acc/exp1/stage7c_per_layer_energy/runs/conv3_32pe/scale_sim_output_scale_32pe_energy/action_count.yaml
conv3,32,4x8,systolic_array.PE[19].weights_spad,PE_SPAD,read,21600.0,/home/cs25m115/Neural_Acc/exp1/stage7c_per_layer_energy/runs/conv3_32pe/scale_sim_output_scale_32pe_energy/action_count.yaml
conv3,32,4x8,systolic_array.PE[20].weights_spad,PE_SPAD,write,1440.0,/home/cs25m115/Neural_Acc/exp1/stage7c_per_layer_energy/runs/conv3_32pe/scale_sim_output_scale_32pe_energy/action_count.yaml
conv3,32,4x8,systolic_array.PE[20].weights_spad,PE_SPAD,read,21600.0,/home/cs25m115/Neural_Acc/exp1/stage7c_per_layer_energy/runs/conv3_32pe/scale_sim_output_scale_32pe_energy/action_count.yaml
conv3,32,4x8,systolic_array.PE[21].weights_spad,PE_SPAD,write,1440.0,/home/cs25m115/Neural_Acc/exp1/stage7c_per_layer_energy/runs/conv3_32pe/scale_sim_output_scale_32pe_energy/action_count.yaml
conv3,32,4x8,systolic_array.PE[21].weights_spad,PE_SPAD,read,21600.0,/home/cs25m115/Neural_Acc/exp1/stage7c_per_layer_energy/runs/conv3_32pe/scale_sim_output_scale_32pe_energy/action_count.yaml
conv3,32,4x8,systolic_array.PE[22].weights_spad,PE_SPAD,write,1440.0,/home/cs25m115/Neural_Acc/exp1/stage7c_per_layer_energy/runs/conv3_32pe/scale_sim_output_scale_32pe_energy/action_count.yaml
conv3,32,4x8,systolic_array.PE[22].weights_spad,PE_SPAD,read,21600.0,/home/cs25m115/Neural_Acc/exp1/stage7c_per_layer_energy/runs/conv3_32pe/scale_sim_output_scale_32pe_energy/action_count.yaml
conv3,32,4x8,systolic_array.PE[23].weights_spad,PE_SPAD,write,1440.0,/home/cs25m115/Neural_Acc/exp1/stage7c_per_layer_energy/runs/conv3_32pe/scale_sim_output_scale_32pe_energy/action_count.yaml
conv3,32,4x8,systolic_array.PE[23].weights_spad,PE_SPAD,read,21600.0,/home/cs25m115/Neural_Acc/exp1/stage7c_per_layer_energy/runs/conv3_32pe/scale_sim_output_scale_32pe_energy/action_count.yaml
conv3,32,4x8,systolic_array.PE[24].weights_spad,PE_SPAD,write,1440.0,/home/cs25m115/Neural_Acc/exp1/stage7c_per_layer_energy/runs/conv3_32pe/scale_sim_output_scale_32pe_energy/action_count.yaml
conv3,32,4x8,systolic_array.PE[24].weights_spad,PE_SPAD,read,21600.0,/home/cs25m115/Neural_Acc/exp1/stage7c_per_layer_energy/runs/conv3_32pe/scale_sim_output_scale_32pe_energy/action_count.yaml
conv3,32,4x8,systolic_array.PE[25].weights_spad,PE_SPAD,write,1440.0,/home/cs25m115/Neural_Acc/exp1/stage7c_per_layer_energy/runs/conv3_32pe/scale_sim_output_scale_32pe_energy/action_count.yaml
conv3,32,4x8,systolic_array.PE[25].weights_spad,PE_SPAD,read,21600.0,/home/cs25m115/Neural_Acc/exp1/stage7c_per_layer_energy/runs/conv3_32pe/scale_sim_output_scale_32pe_energy/action_count.yaml
conv3,32,4x8,systolic_array.PE[26].weights_spad,PE_SPAD,write,1440.0,/home/cs25m115/Neural_Acc/exp1/stage7c_per_layer_energy/runs/conv3_32pe/scale_sim_output_scale_32pe_energy/action_count.yaml
conv3,32,4x8,systolic_array.PE[26].weights_spad,PE_SPAD,read,21600.0,/home/cs25m115/Neural_Acc/exp1/stage7c_per_layer_energy/runs/conv3_32pe/scale_sim_output_scale_32pe_energy/action_count.yaml
conv3,32,4x8,systolic_array.PE[27].weights_spad,PE_SPAD,write,1440.0,/home/cs25m115/Neural_Acc/exp1/stage7c_per_layer_energy/runs/conv3_32pe/scale_sim_output_scale_32pe_energy/action_count.yaml
conv3,32,4x8,systolic_array.PE[27].weights_spad,PE_SPAD,read,21600.0,/home/cs25m115/Neural_Acc/exp1/stage7c_per_layer_energy/runs/conv3_32pe/scale_sim_output_scale_32pe_energy/action_count.yaml
conv3,32,4x8,systolic_array.PE[28].weights_spad,PE_SPAD,write,1440.0,/home/cs25m115/Neural_Acc/exp1/stage7c_per_layer_energy/runs/conv3_32pe/scale_sim_output_scale_32pe_energy/action_count.yaml
conv3,32,4x8,systolic_array.PE[28].weights_spad,PE_SPAD,read,21600.0,/home/cs25m115/Neural_Acc/exp1/stage7c_per_layer_energy/runs/conv3_32pe/scale_sim_output_scale_32pe_energy/action_count.yaml
conv3,32,4x8,systolic_array.PE[29].weights_spad,PE_SPAD,write,1440.0,/home/cs25m115/Neural_Acc/exp1/stage7c_per_layer_energy/runs/conv3_32pe/scale_sim_output_scale_32pe_energy/action_count.yaml
conv3,32,4x8,systolic_array.PE[29].weights_spad,PE_SPAD,read,21600.0,/home/cs25m115/Neural_Acc/exp1/stage7c_per_layer_energy/runs/conv3_32pe/scale_sim_output_scale_32pe_energy/action_count.yaml
conv3,32,4x8,systolic_array.PE[30].weights_spad,PE_SPAD,write,1440.0,/home/cs25m115/Neural_Acc/exp1/stage7c_per_layer_energy/runs/conv3_32pe/scale_sim_output_scale_32pe_energy/action_count.yaml
conv3,32,4x8,systolic_array.PE[30].weights_spad,PE_SPAD,read,21600.0,/home/cs25m115/Neural_Acc/exp1/stage7c_per_layer_energy/runs/conv3_32pe/scale_sim_output_scale_32pe_energy/action_count.yaml
conv3,32,4x8,systolic_array.PE[31].weights_spad,PE_SPAD,write,1440.0,/home/cs25m115/Neural_Acc/exp1/stage7c_per_layer_energy/runs/conv3_32pe/scale_sim_output_scale_32pe_energy/action_count.yaml
conv3,32,4x8,systolic_array.PE[31].weights_spad,PE_SPAD,read,21600.0,/home/cs25m115/Neural_Acc/exp1/stage7c_per_layer_energy/runs/conv3_32pe/scale_sim_output_scale_32pe_energy/action_count.yaml
conv3,32,4x8,systolic_array.PE[0].ifmap_spad,PE_SPAD,write,20736.0,/home/cs25m115/Neural_Acc/exp1/stage7c_per_layer_energy/runs/conv3_32pe/scale_sim_output_scale_32pe_energy/action_count.yaml
conv3,32,4x8,systolic_array.PE[0].ifmap_spad,PE_SPAD,read,38880.0,/home/cs25m115/Neural_Acc/exp1/stage7c_per_layer_energy/runs/conv3_32pe/scale_sim_output_scale_32pe_energy/action_count.yaml
conv3,32,4x8,systolic_array.PE[1].ifmap_spad,PE_SPAD,write,20736.0,/home/cs25m115/Neural_Acc/exp1/stage7c_per_layer_energy/runs/conv3_32pe/scale_sim_output_scale_32pe_energy/action_count.yaml
conv3,32,4x8,systolic_array.PE[1].ifmap_spad,PE_SPAD,read,38880.0,/home/cs25m115/Neural_Acc/exp1/stage7c_per_layer_energy/runs/conv3_32pe/scale_sim_output_scale_32pe_energy/action_count.yaml
conv3,32,4x8,systolic_array.PE[2].ifmap_spad,PE_SPAD,write,20736.0,/home/cs25m115/Neural_Acc/exp1/stage7c_per_layer_energy/runs/conv3_32pe/scale_sim_output_scale_32pe_energy/action_count.yaml
conv3,32,4x8,systolic_array.PE[2].ifmap_spad,PE_SPAD,read,38880.0,/home/cs25m115/Neural_Acc/exp1/stage7c_per_layer_energy/runs/conv3_32pe/scale_sim_output_scale_32pe_energy/action_count.yaml
conv3,32,4x8,systolic_array.PE[3].ifmap_spad,PE_SPAD,write,20736.0,/home/cs25m115/Neural_Acc/exp1/stage7c_per_layer_energy/runs/conv3_32pe/scale_sim_output_scale_32pe_energy/action_count.yaml
conv3,32,4x8,systolic_array.PE[3].ifmap_spad,PE_SPAD,read,38880.0,/home/cs25m115/Neural_Acc/exp1/stage7c_per_layer_energy/runs/conv3_32pe/scale_sim_output_scale_32pe_energy/action_count.yaml
conv3,32,4x8,systolic_array.PE[4].ifmap_spad,PE_SPAD,write,20736.0,/home/cs25m115/Neural_Acc/exp1/stage7c_per_layer_energy/runs/conv3_32pe/scale_sim_output_scale_32pe_energy/action_count.yaml
conv3,32,4x8,systolic_array.PE[4].ifmap_spad,PE_SPAD,read,38880.0,/home/cs25m115/Neural_Acc/exp1/stage7c_per_layer_energy/runs/conv3_32pe/scale_sim_output_scale_32pe_energy/action_count.yaml
conv3,32,4x8,systolic_array.PE[5].ifmap_spad,PE_SPAD,write,20736.0,/home/cs25m115/Neural_Acc/exp1/stage7c_per_layer_energy/runs/conv3_32pe/scale_sim_output_scale_32pe_energy/action_count.yaml
conv3,32,4x8,systolic_array.PE[5].ifmap_spad,PE_SPAD,read,38880.0,/home/cs25m115/Neural_Acc/exp1/stage7c_per_layer_energy/runs/conv3_32pe/scale_sim_output_scale_32pe_energy/action_count.yaml
conv3,32,4x8,systolic_array.PE[6].ifmap_spad,PE_SPAD,write,20736.0,/home/cs25m115/Neural_Acc/exp1/stage7c_per_layer_energy/runs/conv3_32pe/scale_sim_output_scale_32pe_energy/action_count.yaml
conv3,32,4x8,systolic_array.PE[6].ifmap_spad,PE_SPAD,read,38880.0,/home/cs25m115/Neural_Acc/exp1/stage7c_per_layer_energy/runs/conv3_32pe/scale_sim_output_scale_32pe_energy/action_count.yaml
conv3,32,4x8,systolic_array.PE[7].ifmap_spad,PE_SPAD,write,20736.0,/home/cs25m115/Neural_Acc/exp1/stage7c_per_layer_energy/runs/conv3_32pe/scale_sim_output_scale_32pe_energy/action_count.yaml
conv3,32,4x8,systolic_array.PE[7].ifmap_spad,PE_SPAD,read,38880.0,/home/cs25m115/Neural_Acc/exp1/stage7c_per_layer_energy/runs/conv3_32pe/scale_sim_output_scale_32pe_energy/action_count.yaml
conv3,32,4x8,systolic_array.PE[8].ifmap_spad,PE_SPAD,write,20736.0,/home/cs25m115/Neural_Acc/exp1/stage7c_per_layer_energy/runs/conv3_32pe/scale_sim_output_scale_32pe_energy/action_count.yaml
conv3,32,4x8,systolic_array.PE[8].ifmap_spad,PE_SPAD,read,38880.0,/home/cs25m115/Neural_Acc/exp1/stage7c_per_layer_energy/runs/conv3_32pe/scale_sim_output_scale_32pe_energy/action_count.yaml
conv3,32,4x8,systolic_array.PE[9].ifmap_spad,PE_SPAD,write,20736.0,/home/cs25m115/Neural_Acc/exp1/stage7c_per_layer_energy/runs/conv3_32pe/scale_sim_output_scale_32pe_energy/action_count.yaml
conv3,32,4x8,systolic_array.PE[9].ifmap_spad,PE_SPAD,read,38880.0,/home/cs25m115/Neural_Acc/exp1/stage7c_per_layer_energy/runs/conv3_32pe/scale_sim_output_scale_32pe_energy/action_count.yaml
conv3,32,4x8,systolic_array.PE[10].ifmap_spad,PE_SPAD,write,20736.0,/home/cs25m115/Neural_Acc/exp1/stage7c_per_layer_energy/runs/conv3_32pe/scale_sim_output_scale_32pe_energy/action_count.yaml
conv3,32,4x8,systolic_array.PE[10].ifmap_spad,PE_SPAD,read,38880.0,/home/cs25m115/Neural_Acc/exp1/stage7c_per_layer_energy/runs/conv3_32pe/scale_sim_output_scale_32pe_energy/action_count.yaml
conv3,32,4x8,systolic_array.PE[11].ifmap_spad,PE_SPAD,write,20736.0,/home/cs25m115/Neural_Acc/exp1/stage7c_per_layer_energy/runs/conv3_32pe/scale_sim_output_scale_32pe_energy/action_count.yaml
conv3,32,4x8,systolic_array.PE[11].ifmap_spad,PE_SPAD,read,38880.0,/home/cs25m115/Neural_Acc/exp1/stage7c_per_layer_energy/runs/conv3_32pe/scale_sim_output_scale_32pe_energy/action_count.yaml
conv3,32,4x8,systolic_array.PE[12].ifmap_spad,PE_SPAD,write,20736.0,/home/cs25m115/Neural_Acc/exp1/stage7c_per_layer_energy/runs/conv3_32pe/scale_sim_output_scale_32pe_energy/action_count.yaml
conv3,32,4x8,systolic_array.PE[12].ifmap_spad,PE_SPAD,read,38880.0,/home/cs25m115/Neural_Acc/exp1/stage7c_per_layer_energy/runs/conv3_32pe/scale_sim_output_scale_32pe_energy/action_count.yaml
conv3,32,4x8,systolic_array.PE[13].ifmap_spad,PE_SPAD,write,20736.0,/home/cs25m115/Neural_Acc/exp1/stage7c_per_layer_energy/runs/conv3_32pe/scale_sim_output_scale_32pe_energy/action_count.yaml
conv3,32,4x8,systolic_array.PE[13].ifmap_spad,PE_SPAD,read,38880.0,/home/cs25m115/Neural_Acc/exp1/stage7c_per_layer_energy/runs/conv3_32pe/scale_sim_output_scale_32pe_energy/action_count.yaml
conv3,32,4x8,systolic_array.PE[14].ifmap_spad,PE_SPAD,write,20736.0,/home/cs25m115/Neural_Acc/exp1/stage7c_per_layer_energy/runs/conv3_32pe/scale_sim_output_scale_32pe_energy/action_count.yaml
conv3,32,4x8,systolic_array.PE[14].ifmap_spad,PE_SPAD,read,38880.0,/home/cs25m115/Neural_Acc/exp1/stage7c_per_layer_energy/runs/conv3_32pe/scale_sim_output_scale_32pe_energy/action_count.yaml
conv3,32,4x8,systolic_array.PE[15].ifmap_spad,PE_SPAD,write,20736.0,/home/cs25m115/Neural_Acc/exp1/stage7c_per_layer_energy/runs/conv3_32pe/scale_sim_output_scale_32pe_energy/action_count.yaml
conv3,32,4x8,systolic_array.PE[15].ifmap_spad,PE_SPAD,read,38880.0,/home/cs25m115/Neural_Acc/exp1/stage7c_per_layer_energy/runs/conv3_32pe/scale_sim_output_scale_32pe_energy/action_count.yaml
conv3,32,4x8,systolic_array.PE[16].ifmap_spad,PE_SPAD,write,20736.0,/home/cs25m115/Neural_Acc/exp1/stage7c_per_layer_energy/runs/conv3_32pe/scale_sim_output_scale_32pe_energy/action_count.yaml
conv3,32,4x8,systolic_array.PE[16].ifmap_spad,PE_SPAD,read,38880.0,/home/cs25m115/Neural_Acc/exp1/stage7c_per_layer_energy/runs/conv3_32pe/scale_sim_output_scale_32pe_energy/action_count.yaml
conv3,32,4x8,systolic_array.PE[17].ifmap_spad,PE_SPAD,write,20736.0,/home/cs25m115/Neural_Acc/exp1/stage7c_per_layer_energy/runs/conv3_32pe/scale_sim_output_scale_32pe_energy/action_count.yaml
conv3,32,4x8,systolic_array.PE[17].ifmap_spad,PE_SPAD,read,38880.0,/home/cs25m115/Neural_Acc/exp1/stage7c_per_layer_energy/runs/conv3_32pe/scale_sim_output_scale_32pe_energy/action_count.yaml
conv3,32,4x8,systolic_array.PE[18].ifmap_spad,PE_SPAD,write,20736.0,/home/cs25m115/Neural_Acc/exp1/stage7c_per_layer_energy/runs/conv3_32pe/scale_sim_output_scale_32pe_energy/action_count.yaml
conv3,32,4x8,systolic_array.PE[18].ifmap_spad,PE_SPAD,read,38880.0,/home/cs25m115/Neural_Acc/exp1/stage7c_per_layer_energy/runs/conv3_32pe/scale_sim_output_scale_32pe_energy/action_count.yaml
conv3,32,4x8,systolic_array.PE[19].ifmap_spad,PE_SPAD,write,20736.0,/home/cs25m115/Neural_Acc/exp1/stage7c_per_layer_energy/runs/conv3_32pe/scale_sim_output_scale_32pe_energy/action_count.yaml
conv3,32,4x8,systolic_array.PE[19].ifmap_spad,PE_SPAD,read,38880.0,/home/cs25m115/Neural_Acc/exp1/stage7c_per_layer_energy/runs/conv3_32pe/scale_sim_output_scale_32pe_energy/action_count.yaml
conv3,32,4x8,systolic_array.PE[20].ifmap_spad,PE_SPAD,write,20736.0,/home/cs25m115/Neural_Acc/exp1/stage7c_per_layer_energy/runs/conv3_32pe/scale_sim_output_scale_32pe_energy/action_count.yaml
conv3,32,4x8,systolic_array.PE[20].ifmap_spad,PE_SPAD,read,38880.0,/home/cs25m115/Neural_Acc/exp1/stage7c_per_layer_energy/runs/conv3_32pe/scale_sim_output_scale_32pe_energy/action_count.yaml
conv3,32,4x8,systolic_array.PE[21].ifmap_spad,PE_SPAD,write,20736.0,/home/cs25m115/Neural_Acc/exp1/stage7c_per_layer_energy/runs/conv3_32pe/scale_sim_output_scale_32pe_energy/action_count.yaml
conv3,32,4x8,systolic_array.PE[21].ifmap_spad,PE_SPAD,read,38880.0,/home/cs25m115/Neural_Acc/exp1/stage7c_per_layer_energy/runs/conv3_32pe/scale_sim_output_scale_32pe_energy/action_count.yaml
conv3,32,4x8,systolic_array.PE[22].ifmap_spad,PE_SPAD,write,20736.0,/home/cs25m115/Neural_Acc/exp1/stage7c_per_layer_energy/runs/conv3_32pe/scale_sim_output_scale_32pe_energy/action_count.yaml
conv3,32,4x8,systolic_array.PE[22].ifmap_spad,PE_SPAD,read,38880.0,/home/cs25m115/Neural_Acc/exp1/stage7c_per_layer_energy/runs/conv3_32pe/scale_sim_output_scale_32pe_energy/action_count.yaml
conv3,32,4x8,systolic_array.PE[23].ifmap_spad,PE_SPAD,write,20736.0,/home/cs25m115/Neural_Acc/exp1/stage7c_per_layer_energy/runs/conv3_32pe/scale_sim_output_scale_32pe_energy/action_count.yaml
conv3,32,4x8,systolic_array.PE[23].ifmap_spad,PE_SPAD,read,38880.0,/home/cs25m115/Neural_Acc/exp1/stage7c_per_layer_energy/runs/conv3_32pe/scale_sim_output_scale_32pe_energy/action_count.yaml
conv3,32,4x8,systolic_array.PE[24].ifmap_spad,PE_SPAD,write,20736.0,/home/cs25m115/Neural_Acc/exp1/stage7c_per_layer_energy/runs/conv3_32pe/scale_sim_output_scale_32pe_energy/action_count.yaml
conv3,32,4x8,systolic_array.PE[24].ifmap_spad,PE_SPAD,read,38880.0,/home/cs25m115/Neural_Acc/exp1/stage7c_per_layer_energy/runs/conv3_32pe/scale_sim_output_scale_32pe_energy/action_count.yaml
conv3,32,4x8,systolic_array.PE[25].ifmap_spad,PE_SPAD,write,20736.0,/home/cs25m115/Neural_Acc/exp1/stage7c_per_layer_energy/runs/conv3_32pe/scale_sim_output_scale_32pe_energy/action_count.yaml
conv3,32,4x8,systolic_array.PE[25].ifmap_spad,PE_SPAD,read,38880.0,/home/cs25m115/Neural_Acc/exp1/stage7c_per_layer_energy/runs/conv3_32pe/scale_sim_output_scale_32pe_energy/action_count.yaml
conv3,32,4x8,systolic_array.PE[26].ifmap_spad,PE_SPAD,write,20736.0,/home/cs25m115/Neural_Acc/exp1/stage7c_per_layer_energy/runs/conv3_32pe/scale_sim_output_scale_32pe_energy/action_count.yaml
conv3,32,4x8,systolic_array.PE[26].ifmap_spad,PE_SPAD,read,38880.0,/home/cs25m115/Neural_Acc/exp1/stage7c_per_layer_energy/runs/conv3_32pe/scale_sim_output_scale_32pe_energy/action_count.yaml
conv3,32,4x8,systolic_array.PE[27].ifmap_spad,PE_SPAD,write,20736.0,/home/cs25m115/Neural_Acc/exp1/stage7c_per_layer_energy/runs/conv3_32pe/scale_sim_output_scale_32pe_energy/action_count.yaml
conv3,32,4x8,systolic_array.PE[27].ifmap_spad,PE_SPAD,read,38880.0,/home/cs25m115/Neural_Acc/exp1/stage7c_per_layer_energy/runs/conv3_32pe/scale_sim_output_scale_32pe_energy/action_count.yaml
conv3,32,4x8,systolic_array.PE[28].ifmap_spad,PE_SPAD,write,20736.0,/home/cs25m115/Neural_Acc/exp1/stage7c_per_layer_energy/runs/conv3_32pe/scale_sim_output_scale_32pe_energy/action_count.yaml
conv3,32,4x8,systolic_array.PE[28].ifmap_spad,PE_SPAD,read,38880.0,/home/cs25m115/Neural_Acc/exp1/stage7c_per_layer_energy/runs/conv3_32pe/scale_sim_output_scale_32pe_energy/action_count.yaml
conv3,32,4x8,systolic_array.PE[29].ifmap_spad,PE_SPAD,write,20736.0,/home/cs25m115/Neural_Acc/exp1/stage7c_per_layer_energy/runs/conv3_32pe/scale_sim_output_scale_32pe_energy/action_count.yaml
conv3,32,4x8,systolic_array.PE[29].ifmap_spad,PE_SPAD,read,38880.0,/home/cs25m115/Neural_Acc/exp1/stage7c_per_layer_energy/runs/conv3_32pe/scale_sim_output_scale_32pe_energy/action_count.yaml
conv3,32,4x8,systolic_array.PE[30].ifmap_spad,PE_SPAD,write,20736.0,/home/cs25m115/Neural_Acc/exp1/stage7c_per_layer_energy/runs/conv3_32pe/scale_sim_output_scale_32pe_energy/action_count.yaml
conv3,32,4x8,systolic_array.PE[30].ifmap_spad,PE_SPAD,read,38880.0,/home/cs25m115/Neural_Acc/exp1/stage7c_per_layer_energy/runs/conv3_32pe/scale_sim_output_scale_32pe_energy/action_count.yaml
conv3,32,4x8,systolic_array.PE[31].ifmap_spad,PE_SPAD,write,20736.0,/home/cs25m115/Neural_Acc/exp1/stage7c_per_layer_energy/runs/conv3_32pe/scale_sim_output_scale_32pe_energy/action_count.yaml
conv3,32,4x8,systolic_array.PE[31].ifmap_spad,PE_SPAD,read,38880.0,/home/cs25m115/Neural_Acc/exp1/stage7c_per_layer_energy/runs/conv3_32pe/scale_sim_output_scale_32pe_energy/action_count.yaml
conv3,32,4x8,systolic_array.PE[0].psum_spad,PE_SPAD,write,20736.0,/home/cs25m115/Neural_Acc/exp1/stage7c_per_layer_energy/runs/conv3_32pe/scale_sim_output_scale_32pe_energy/action_count.yaml
conv3,32,4x8,systolic_array.PE[0].psum_spad,PE_SPAD,read,15552.0,/home/cs25m115/Neural_Acc/exp1/stage7c_per_layer_energy/runs/conv3_32pe/scale_sim_output_scale_32pe_energy/action_count.yaml
conv3,32,4x8,systolic_array.PE[1].psum_spad,PE_SPAD,write,20736.0,/home/cs25m115/Neural_Acc/exp1/stage7c_per_layer_energy/runs/conv3_32pe/scale_sim_output_scale_32pe_energy/action_count.yaml
conv3,32,4x8,systolic_array.PE[1].psum_spad,PE_SPAD,read,15552.0,/home/cs25m115/Neural_Acc/exp1/stage7c_per_layer_energy/runs/conv3_32pe/scale_sim_output_scale_32pe_energy/action_count.yaml
conv3,32,4x8,systolic_array.PE[2].psum_spad,PE_SPAD,write,20736.0,/home/cs25m115/Neural_Acc/exp1/stage7c_per_layer_energy/runs/conv3_32pe/scale_sim_output_scale_32pe_energy/action_count.yaml
conv3,32,4x8,systolic_array.PE[2].psum_spad,PE_SPAD,read,15552.0,/home/cs25m115/Neural_Acc/exp1/stage7c_per_layer_energy/runs/conv3_32pe/scale_sim_output_scale_32pe_energy/action_count.yaml
conv3,32,4x8,systolic_array.PE[3].psum_spad,PE_SPAD,write,20736.0,/home/cs25m115/Neural_Acc/exp1/stage7c_per_layer_energy/runs/conv3_32pe/scale_sim_output_scale_32pe_energy/action_count.yaml
conv3,32,4x8,systolic_array.PE[3].psum_spad,PE_SPAD,read,15552.0,/home/cs25m115/Neural_Acc/exp1/stage7c_per_layer_energy/runs/conv3_32pe/scale_sim_output_scale_32pe_energy/action_count.yaml
conv3,32,4x8,systolic_array.PE[4].psum_spad,PE_SPAD,write,20736.0,/home/cs25m115/Neural_Acc/exp1/stage7c_per_layer_energy/runs/conv3_32pe/scale_sim_output_scale_32pe_energy/action_count.yaml
conv3,32,4x8,systolic_array.PE[4].psum_spad,PE_SPAD,read,15552.0,/home/cs25m115/Neural_Acc/exp1/stage7c_per_layer_energy/runs/conv3_32pe/scale_sim_output_scale_32pe_energy/action_count.yaml
conv3,32,4x8,systolic_array.PE[5].psum_spad,PE_SPAD,write,20736.0,/home/cs25m115/Neural_Acc/exp1/stage7c_per_layer_energy/runs/conv3_32pe/scale_sim_output_scale_32pe_energy/action_count.yaml
conv3,32,4x8,systolic_array.PE[5].psum_spad,PE_SPAD,read,15552.0,/home/cs25m115/Neural_Acc/exp1/stage7c_per_layer_energy/runs/conv3_32pe/scale_sim_output_scale_32pe_energy/action_count.yaml
conv3,32,4x8,systolic_array.PE[6].psum_spad,PE_SPAD,write,20736.0,/home/cs25m115/Neural_Acc/exp1/stage7c_per_layer_energy/runs/conv3_32pe/scale_sim_output_scale_32pe_energy/action_count.yaml
conv3,32,4x8,systolic_array.PE[6].psum_spad,PE_SPAD,read,15552.0,/home/cs25m115/Neural_Acc/exp1/stage7c_per_layer_energy/runs/conv3_32pe/scale_sim_output_scale_32pe_energy/action_count.yaml
conv3,32,4x8,systolic_array.PE[7].psum_spad,PE_SPAD,write,20736.0,/home/cs25m115/Neural_Acc/exp1/stage7c_per_layer_energy/runs/conv3_32pe/scale_sim_output_scale_32pe_energy/action_count.yaml
conv3,32,4x8,systolic_array.PE[7].psum_spad,PE_SPAD,read,15552.0,/home/cs25m115/Neural_Acc/exp1/stage7c_per_layer_energy/runs/conv3_32pe/scale_sim_output_scale_32pe_energy/action_count.yaml
conv3,32,4x8,systolic_array.PE[8].psum_spad,PE_SPAD,write,20736.0,/home/cs25m115/Neural_Acc/exp1/stage7c_per_layer_energy/runs/conv3_32pe/scale_sim_output_scale_32pe_energy/action_count.yaml
conv3,32,4x8,systolic_array.PE[8].psum_spad,PE_SPAD,read,15552.0,/home/cs25m115/Neural_Acc/exp1/stage7c_per_layer_energy/runs/conv3_32pe/scale_sim_output_scale_32pe_energy/action_count.yaml
conv3,32,4x8,systolic_array.PE[9].psum_spad,PE_SPAD,write,20736.0,/home/cs25m115/Neural_Acc/exp1/stage7c_per_layer_energy/runs/conv3_32pe/scale_sim_output_scale_32pe_energy/action_count.yaml
conv3,32,4x8,systolic_array.PE[9].psum_spad,PE_SPAD,read,15552.0,/home/cs25m115/Neural_Acc/exp1/stage7c_per_layer_energy/runs/conv3_32pe/scale_sim_output_scale_32pe_energy/action_count.yaml
conv3,32,4x8,systolic_array.PE[10].psum_spad,PE_SPAD,write,20736.0,/home/cs25m115/Neural_Acc/exp1/stage7c_per_layer_energy/runs/conv3_32pe/scale_sim_output_scale_32pe_energy/action_count.yaml
conv3,32,4x8,systolic_array.PE[10].psum_spad,PE_SPAD,read,15552.0,/home/cs25m115/Neural_Acc/exp1/stage7c_per_layer_energy/runs/conv3_32pe/scale_sim_output_scale_32pe_energy/action_count.yaml
conv3,32,4x8,systolic_array.PE[11].psum_spad,PE_SPAD,write,20736.0,/home/cs25m115/Neural_Acc/exp1/stage7c_per_layer_energy/runs/conv3_32pe/scale_sim_output_scale_32pe_energy/action_count.yaml
conv3,32,4x8,systolic_array.PE[11].psum_spad,PE_SPAD,read,15552.0,/home/cs25m115/Neural_Acc/exp1/stage7c_per_layer_energy/runs/conv3_32pe/scale_sim_output_scale_32pe_energy/action_count.yaml
conv3,32,4x8,systolic_array.PE[12].psum_spad,PE_SPAD,write,20736.0,/home/cs25m115/Neural_Acc/exp1/stage7c_per_layer_energy/runs/conv3_32pe/scale_sim_output_scale_32pe_energy/action_count.yaml
conv3,32,4x8,systolic_array.PE[12].psum_spad,PE_SPAD,read,15552.0,/home/cs25m115/Neural_Acc/exp1/stage7c_per_layer_energy/runs/conv3_32pe/scale_sim_output_scale_32pe_energy/action_count.yaml
conv3,32,4x8,systolic_array.PE[13].psum_spad,PE_SPAD,write,20736.0,/home/cs25m115/Neural_Acc/exp1/stage7c_per_layer_energy/runs/conv3_32pe/scale_sim_output_scale_32pe_energy/action_count.yaml
conv3,32,4x8,systolic_array.PE[13].psum_spad,PE_SPAD,read,15552.0,/home/cs25m115/Neural_Acc/exp1/stage7c_per_layer_energy/runs/conv3_32pe/scale_sim_output_scale_32pe_energy/action_count.yaml
conv3,32,4x8,systolic_array.PE[14].psum_spad,PE_SPAD,write,20736.0,/home/cs25m115/Neural_Acc/exp1/stage7c_per_layer_energy/runs/conv3_32pe/scale_sim_output_scale_32pe_energy/action_count.yaml
conv3,32,4x8,systolic_array.PE[14].psum_spad,PE_SPAD,read,15552.0,/home/cs25m115/Neural_Acc/exp1/stage7c_per_layer_energy/runs/conv3_32pe/scale_sim_output_scale_32pe_energy/action_count.yaml
conv3,32,4x8,systolic_array.PE[15].psum_spad,PE_SPAD,write,20736.0,/home/cs25m115/Neural_Acc/exp1/stage7c_per_layer_energy/runs/conv3_32pe/scale_sim_output_scale_32pe_energy/action_count.yaml
conv3,32,4x8,systolic_array.PE[15].psum_spad,PE_SPAD,read,15552.0,/home/cs25m115/Neural_Acc/exp1/stage7c_per_layer_energy/runs/conv3_32pe/scale_sim_output_scale_32pe_energy/action_count.yaml
conv3,32,4x8,systolic_array.PE[16].psum_spad,PE_SPAD,write,20736.0,/home/cs25m115/Neural_Acc/exp1/stage7c_per_layer_energy/runs/conv3_32pe/scale_sim_output_scale_32pe_energy/action_count.yaml
conv3,32,4x8,systolic_array.PE[16].psum_spad,PE_SPAD,read,15552.0,/home/cs25m115/Neural_Acc/exp1/stage7c_per_layer_energy/runs/conv3_32pe/scale_sim_output_scale_32pe_energy/action_count.yaml
conv3,32,4x8,systolic_array.PE[17].psum_spad,PE_SPAD,write,20736.0,/home/cs25m115/Neural_Acc/exp1/stage7c_per_layer_energy/runs/conv3_32pe/scale_sim_output_scale_32pe_energy/action_count.yaml
conv3,32,4x8,systolic_array.PE[17].psum_spad,PE_SPAD,read,15552.0,/home/cs25m115/Neural_Acc/exp1/stage7c_per_layer_energy/runs/conv3_32pe/scale_sim_output_scale_32pe_energy/action_count.yaml
conv3,32,4x8,systolic_array.PE[18].psum_spad,PE_SPAD,write,20736.0,/home/cs25m115/Neural_Acc/exp1/stage7c_per_layer_energy/runs/conv3_32pe/scale_sim_output_scale_32pe_energy/action_count.yaml
conv3,32,4x8,systolic_array.PE[18].psum_spad,PE_SPAD,read,15552.0,/home/cs25m115/Neural_Acc/exp1/stage7c_per_layer_energy/runs/conv3_32pe/scale_sim_output_scale_32pe_energy/action_count.yaml
conv3,32,4x8,systolic_array.PE[19].psum_spad,PE_SPAD,write,20736.0,/home/cs25m115/Neural_Acc/exp1/stage7c_per_layer_energy/runs/conv3_32pe/scale_sim_output_scale_32pe_energy/action_count.yaml
conv3,32,4x8,systolic_array.PE[19].psum_spad,PE_SPAD,read,15552.0,/home/cs25m115/Neural_Acc/exp1/stage7c_per_layer_energy/runs/conv3_32pe/scale_sim_output_scale_32pe_energy/action_count.yaml
conv3,32,4x8,systolic_array.PE[20].psum_spad,PE_SPAD,write,20736.0,/home/cs25m115/Neural_Acc/exp1/stage7c_per_layer_energy/runs/conv3_32pe/scale_sim_output_scale_32pe_energy/action_count.yaml
conv3,32,4x8,systolic_array.PE[20].psum_spad,PE_SPAD,read,15552.0,/home/cs25m115/Neural_Acc/exp1/stage7c_per_layer_energy/runs/conv3_32pe/scale_sim_output_scale_32pe_energy/action_count.yaml
conv3,32,4x8,systolic_array.PE[21].psum_spad,PE_SPAD,write,20736.0,/home/cs25m115/Neural_Acc/exp1/stage7c_per_layer_energy/runs/conv3_32pe/scale_sim_output_scale_32pe_energy/action_count.yaml
conv3,32,4x8,systolic_array.PE[21].psum_spad,PE_SPAD,read,15552.0,/home/cs25m115/Neural_Acc/exp1/stage7c_per_layer_energy/runs/conv3_32pe/scale_sim_output_scale_32pe_energy/action_count.yaml
conv3,32,4x8,systolic_array.PE[22].psum_spad,PE_SPAD,write,20736.0,/home/cs25m115/Neural_Acc/exp1/stage7c_per_layer_energy/runs/conv3_32pe/scale_sim_output_scale_32pe_energy/action_count.yaml
conv3,32,4x8,systolic_array.PE[22].psum_spad,PE_SPAD,read,15552.0,/home/cs25m115/Neural_Acc/exp1/stage7c_per_layer_energy/runs/conv3_32pe/scale_sim_output_scale_32pe_energy/action_count.yaml
conv3,32,4x8,systolic_array.PE[23].psum_spad,PE_SPAD,write,20736.0,/home/cs25m115/Neural_Acc/exp1/stage7c_per_layer_energy/runs/conv3_32pe/scale_sim_output_scale_32pe_energy/action_count.yaml
conv3,32,4x8,systolic_array.PE[23].psum_spad,PE_SPAD,read,15552.0,/home/cs25m115/Neural_Acc/exp1/stage7c_per_layer_energy/runs/conv3_32pe/scale_sim_output_scale_32pe_energy/action_count.yaml
conv3,32,4x8,systolic_array.PE[24].psum_spad,PE_SPAD,write,20736.0,/home/cs25m115/Neural_Acc/exp1/stage7c_per_layer_energy/runs/conv3_32pe/scale_sim_output_scale_32pe_energy/action_count.yaml
conv3,32,4x8,systolic_array.PE[24].psum_spad,PE_SPAD,read,15552.0,/home/cs25m115/Neural_Acc/exp1/stage7c_per_layer_energy/runs/conv3_32pe/scale_sim_output_scale_32pe_energy/action_count.yaml
conv3,32,4x8,systolic_array.PE[25].psum_spad,PE_SPAD,write,20736.0,/home/cs25m115/Neural_Acc/exp1/stage7c_per_layer_energy/runs/conv3_32pe/scale_sim_output_scale_32pe_energy/action_count.yaml
conv3,32,4x8,systolic_array.PE[25].psum_spad,PE_SPAD,read,15552.0,/home/cs25m115/Neural_Acc/exp1/stage7c_per_layer_energy/runs/conv3_32pe/scale_sim_output_scale_32pe_energy/action_count.yaml
conv3,32,4x8,systolic_array.PE[26].psum_spad,PE_SPAD,write,20736.0,/home/cs25m115/Neural_Acc/exp1/stage7c_per_layer_energy/runs/conv3_32pe/scale_sim_output_scale_32pe_energy/action_count.yaml
conv3,32,4x8,systolic_array.PE[26].psum_spad,PE_SPAD,read,15552.0,/home/cs25m115/Neural_Acc/exp1/stage7c_per_layer_energy/runs/conv3_32pe/scale_sim_output_scale_32pe_energy/action_count.yaml
conv3,32,4x8,systolic_array.PE[27].psum_spad,PE_SPAD,write,20736.0,/home/cs25m115/Neural_Acc/exp1/stage7c_per_layer_energy/runs/conv3_32pe/scale_sim_output_scale_32pe_energy/action_count.yaml
conv3,32,4x8,systolic_array.PE[27].psum_spad,PE_SPAD,read,15552.0,/home/cs25m115/Neural_Acc/exp1/stage7c_per_layer_energy/runs/conv3_32pe/scale_sim_output_scale_32pe_energy/action_count.yaml
conv3,32,4x8,systolic_array.PE[28].psum_spad,PE_SPAD,write,20736.0,/home/cs25m115/Neural_Acc/exp1/stage7c_per_layer_energy/runs/conv3_32pe/scale_sim_output_scale_32pe_energy/action_count.yaml
conv3,32,4x8,systolic_array.PE[28].psum_spad,PE_SPAD,read,15552.0,/home/cs25m115/Neural_Acc/exp1/stage7c_per_layer_energy/runs/conv3_32pe/scale_sim_output_scale_32pe_energy/action_count.yaml
conv3,32,4x8,systolic_array.PE[29].psum_spad,PE_SPAD,write,20736.0,/home/cs25m115/Neural_Acc/exp1/stage7c_per_layer_energy/runs/conv3_32pe/scale_sim_output_scale_32pe_energy/action_count.yaml
conv3,32,4x8,systolic_array.PE[29].psum_spad,PE_SPAD,read,15552.0,/home/cs25m115/Neural_Acc/exp1/stage7c_per_layer_energy/runs/conv3_32pe/scale_sim_output_scale_32pe_energy/action_count.yaml
conv3,32,4x8,systolic_array.PE[30].psum_spad,PE_SPAD,write,20736.0,/home/cs25m115/Neural_Acc/exp1/stage7c_per_layer_energy/runs/conv3_32pe/scale_sim_output_scale_32pe_energy/action_count.yaml
conv3,32,4x8,systolic_array.PE[30].psum_spad,PE_SPAD,read,15552.0,/home/cs25m115/Neural_Acc/exp1/stage7c_per_layer_energy/runs/conv3_32pe/scale_sim_output_scale_32pe_energy/action_count.yaml
conv3,32,4x8,systolic_array.PE[31].psum_spad,PE_SPAD,write,20736.0,/home/cs25m115/Neural_Acc/exp1/stage7c_per_layer_energy/runs/conv3_32pe/scale_sim_output_scale_32pe_energy/action_count.yaml
conv3,32,4x8,systolic_array.PE[31].psum_spad,PE_SPAD,read,15552.0,/home/cs25m115/Neural_Acc/exp1/stage7c_per_layer_energy/runs/conv3_32pe/scale_sim_output_scale_32pe_energy/action_count.yaml
conv3,32,4x8,systolic_array.PE[0].mac,MAC,mac_random,28799.0,/home/cs25m115/Neural_Acc/exp1/stage7c_per_layer_energy/runs/conv3_32pe/scale_sim_output_scale_32pe_energy/action_count.yaml
conv3,32,4x8,systolic_array.PE[1].mac,MAC,mac_random,28799.0,/home/cs25m115/Neural_Acc/exp1/stage7c_per_layer_energy/runs/conv3_32pe/scale_sim_output_scale_32pe_energy/action_count.yaml
conv3,32,4x8,systolic_array.PE[2].mac,MAC,mac_random,28799.0,/home/cs25m115/Neural_Acc/exp1/stage7c_per_layer_energy/runs/conv3_32pe/scale_sim_output_scale_32pe_energy/action_count.yaml
conv3,32,4x8,systolic_array.PE[3].mac,MAC,mac_random,28799.0,/home/cs25m115/Neural_Acc/exp1/stage7c_per_layer_energy/runs/conv3_32pe/scale_sim_output_scale_32pe_energy/action_count.yaml
conv3,32,4x8,systolic_array.PE[4].mac,MAC,mac_random,28799.0,/home/cs25m115/Neural_Acc/exp1/stage7c_per_layer_energy/runs/conv3_32pe/scale_sim_output_scale_32pe_energy/action_count.yaml
conv3,32,4x8,systolic_array.PE[5].mac,MAC,mac_random,28799.0,/home/cs25m115/Neural_Acc/exp1/stage7c_per_layer_energy/runs/conv3_32pe/scale_sim_output_scale_32pe_energy/action_count.yaml
conv3,32,4x8,systolic_array.PE[6].mac,MAC,mac_random,28799.0,/home/cs25m115/Neural_Acc/exp1/stage7c_per_layer_energy/runs/conv3_32pe/scale_sim_output_scale_32pe_energy/action_count.yaml
conv3,32,4x8,systolic_array.PE[7].mac,MAC,mac_random,28799.0,/home/cs25m115/Neural_Acc/exp1/stage7c_per_layer_energy/runs/conv3_32pe/scale_sim_output_scale_32pe_energy/action_count.yaml
conv3,32,4x8,systolic_array.PE[8].mac,MAC,mac_random,28799.0,/home/cs25m115/Neural_Acc/exp1/stage7c_per_layer_energy/runs/conv3_32pe/scale_sim_output_scale_32pe_energy/action_count.yaml
conv3,32,4x8,systolic_array.PE[9].mac,MAC,mac_random,28799.0,/home/cs25m115/Neural_Acc/exp1/stage7c_per_layer_energy/runs/conv3_32pe/scale_sim_output_scale_32pe_energy/action_count.yaml
conv3,32,4x8,systolic_array.PE[10].mac,MAC,mac_random,28799.0,/home/cs25m115/Neural_Acc/exp1/stage7c_per_layer_energy/runs/conv3_32pe/scale_sim_output_scale_32pe_energy/action_count.yaml
conv3,32,4x8,systolic_array.PE[11].mac,MAC,mac_random,28799.0,/home/cs25m115/Neural_Acc/exp1/stage7c_per_layer_energy/runs/conv3_32pe/scale_sim_output_scale_32pe_energy/action_count.yaml
conv3,32,4x8,systolic_array.PE[12].mac,MAC,mac_random,28799.0,/home/cs25m115/Neural_Acc/exp1/stage7c_per_layer_energy/runs/conv3_32pe/scale_sim_output_scale_32pe_energy/action_count.yaml
conv3,32,4x8,systolic_array.PE[13].mac,MAC,mac_random,28799.0,/home/cs25m115/Neural_Acc/exp1/stage7c_per_layer_energy/runs/conv3_32pe/scale_sim_output_scale_32pe_energy/action_count.yaml
conv3,32,4x8,systolic_array.PE[14].mac,MAC,mac_random,28799.0,/home/cs25m115/Neural_Acc/exp1/stage7c_per_layer_energy/runs/conv3_32pe/scale_sim_output_scale_32pe_energy/action_count.yaml
conv3,32,4x8,systolic_array.PE[15].mac,MAC,mac_random,28799.0,/home/cs25m115/Neural_Acc/exp1/stage7c_per_layer_energy/runs/conv3_32pe/scale_sim_output_scale_32pe_energy/action_count.yaml
conv3,32,4x8,systolic_array.PE[16].mac,MAC,mac_random,28799.0,/home/cs25m115/Neural_Acc/exp1/stage7c_per_layer_energy/runs/conv3_32pe/scale_sim_output_scale_32pe_energy/action_count.yaml
conv3,32,4x8,systolic_array.PE[17].mac,MAC,mac_random,28799.0,/home/cs25m115/Neural_Acc/exp1/stage7c_per_layer_energy/runs/conv3_32pe/scale_sim_output_scale_32pe_energy/action_count.yaml
conv3,32,4x8,systolic_array.PE[18].mac,MAC,mac_random,28799.0,/home/cs25m115/Neural_Acc/exp1/stage7c_per_layer_energy/runs/conv3_32pe/scale_sim_output_scale_32pe_energy/action_count.yaml
conv3,32,4x8,systolic_array.PE[19].mac,MAC,mac_random,28799.0,/home/cs25m115/Neural_Acc/exp1/stage7c_per_layer_energy/runs/conv3_32pe/scale_sim_output_scale_32pe_energy/action_count.yaml
conv3,32,4x8,systolic_array.PE[20].mac,MAC,mac_random,28799.0,/home/cs25m115/Neural_Acc/exp1/stage7c_per_layer_energy/runs/conv3_32pe/scale_sim_output_scale_32pe_energy/action_count.yaml
conv3,32,4x8,systolic_array.PE[21].mac,MAC,mac_random,28799.0,/home/cs25m115/Neural_Acc/exp1/stage7c_per_layer_energy/runs/conv3_32pe/scale_sim_output_scale_32pe_energy/action_count.yaml
conv3,32,4x8,systolic_array.PE[22].mac,MAC,mac_random,28799.0,/home/cs25m115/Neural_Acc/exp1/stage7c_per_layer_energy/runs/conv3_32pe/scale_sim_output_scale_32pe_energy/action_count.yaml
conv3,32,4x8,systolic_array.PE[23].mac,MAC,mac_random,28799.0,/home/cs25m115/Neural_Acc/exp1/stage7c_per_layer_energy/runs/conv3_32pe/scale_sim_output_scale_32pe_energy/action_count.yaml
conv3,32,4x8,systolic_array.PE[24].mac,MAC,mac_random,28799.0,/home/cs25m115/Neural_Acc/exp1/stage7c_per_layer_energy/runs/conv3_32pe/scale_sim_output_scale_32pe_energy/action_count.yaml
conv3,32,4x8,systolic_array.PE[25].mac,MAC,mac_random,28799.0,/home/cs25m115/Neural_Acc/exp1/stage7c_per_layer_energy/runs/conv3_32pe/scale_sim_output_scale_32pe_energy/action_count.yaml
conv3,32,4x8,systolic_array.PE[26].mac,MAC,mac_random,28799.0,/home/cs25m115/Neural_Acc/exp1/stage7c_per_layer_energy/runs/conv3_32pe/scale_sim_output_scale_32pe_energy/action_count.yaml
conv3,32,4x8,systolic_array.PE[27].mac,MAC,mac_random,28799.0,/home/cs25m115/Neural_Acc/exp1/stage7c_per_layer_energy/runs/conv3_32pe/scale_sim_output_scale_32pe_energy/action_count.yaml
conv3,32,4x8,systolic_array.PE[28].mac,MAC,mac_random,28799.0,/home/cs25m115/Neural_Acc/exp1/stage7c_per_layer_energy/runs/conv3_32pe/scale_sim_output_scale_32pe_energy/action_count.yaml
conv3,32,4x8,systolic_array.PE[29].mac,MAC,mac_random,28799.0,/home/cs25m115/Neural_Acc/exp1/stage7c_per_layer_energy/runs/conv3_32pe/scale_sim_output_scale_32pe_energy/action_count.yaml
conv3,32,4x8,systolic_array.PE[30].mac,MAC,mac_random,28799.0,/home/cs25m115/Neural_Acc/exp1/stage7c_per_layer_energy/runs/conv3_32pe/scale_sim_output_scale_32pe_energy/action_count.yaml
conv3,32,4x8,systolic_array.PE[31].mac,MAC,mac_random,28799.0,/home/cs25m115/Neural_Acc/exp1/stage7c_per_layer_energy/runs/conv3_32pe/scale_sim_output_scale_32pe_energy/action_count.yaml
conv3,64,8x8,systolic_array.ifmap_dram,DRAM,read,2048.0,/home/cs25m115/Neural_Acc/exp1/stage7c_per_layer_energy/runs/conv3_64pe/scale_sim_output_scale_64pe_energy/action_count.yaml
conv3,64,8x8,systolic_array.ifmap_dram,DRAM,idle,-1524.0,/home/cs25m115/Neural_Acc/exp1/stage7c_per_layer_energy/runs/conv3_64pe/scale_sim_output_scale_64pe_energy/action_count.yaml
conv3,64,8x8,systolic_array.weights_dram,DRAM,read,18432.0,/home/cs25m115/Neural_Acc/exp1/stage7c_per_layer_energy/runs/conv3_64pe/scale_sim_output_scale_64pe_energy/action_count.yaml
conv3,64,8x8,systolic_array.weights_dram,DRAM,idle,-14632.0,/home/cs25m115/Neural_Acc/exp1/stage7c_per_layer_energy/runs/conv3_64pe/scale_sim_output_scale_64pe_energy/action_count.yaml
conv3,64,8x8,systolic_array.psum_dram,DRAM,write,82951.0,/home/cs25m115/Neural_Acc/exp1/stage7c_per_layer_energy/runs/conv3_64pe/scale_sim_output_scale_64pe_energy/action_count.yaml
conv3,64,8x8,systolic_array.psum_dram,DRAM,idle,-58391.0,/home/cs25m115/Neural_Acc/exp1/stage7c_per_layer_energy/runs/conv3_64pe/scale_sim_output_scale_64pe_energy/action_count.yaml
conv3,64,8x8,systolic_array.ifmap_glb,GLB_SRAM,read,24888.0,/home/cs25m115/Neural_Acc/exp1/stage7c_per_layer_energy/runs/conv3_64pe/scale_sim_output_scale_64pe_energy/action_count.yaml
conv3,64,8x8,systolic_array.ifmap_glb,GLB_SRAM,read,58056.0,/home/cs25m115/Neural_Acc/exp1/stage7c_per_layer_energy/runs/conv3_64pe/scale_sim_output_scale_64pe_energy/action_count.yaml
conv3,64,8x8,systolic_array.ifmap_glb,GLB_SRAM,idle,50568.0,/home/cs25m115/Neural_Acc/exp1/stage7c_per_layer_energy/runs/conv3_64pe/scale_sim_output_scale_64pe_energy/action_count.yaml
conv3,64,8x8,systolic_array.weights_glb,GLB_SRAM,read,5530.0,/home/cs25m115/Neural_Acc/exp1/stage7c_per_layer_energy/runs/conv3_64pe/scale_sim_output_scale_64pe_energy/action_count.yaml
conv3,64,8x8,systolic_array.weights_glb,GLB_SRAM,read,12902.0,/home/cs25m115/Neural_Acc/exp1/stage7c_per_layer_energy/runs/conv3_64pe/scale_sim_output_scale_64pe_energy/action_count.yaml
conv3,64,8x8,systolic_array.weights_glb,GLB_SRAM,idle,114800.0,/home/cs25m115/Neural_Acc/exp1/stage7c_per_layer_energy/runs/conv3_64pe/scale_sim_output_scale_64pe_energy/action_count.yaml
conv3,64,8x8,systolic_array.psum_glb,GLB_SRAM,update,24888.0,/home/cs25m115/Neural_Acc/exp1/stage7c_per_layer_energy/runs/conv3_64pe/scale_sim_output_scale_64pe_energy/action_count.yaml
conv3,64,8x8,systolic_array.psum_glb,GLB_SRAM,update,58056.0,/home/cs25m115/Neural_Acc/exp1/stage7c_per_layer_energy/runs/conv3_64pe/scale_sim_output_scale_64pe_energy/action_count.yaml
conv3,64,8x8,systolic_array.psum_glb,GLB_SRAM,idle,50568.0,/home/cs25m115/Neural_Acc/exp1/stage7c_per_layer_energy/runs/conv3_64pe/scale_sim_output_scale_64pe_energy/action_count.yaml
conv3,64,8x8,systolic_array.PE[0].weights_spad,PE_SPAD,write,1296.0,/home/cs25m115/Neural_Acc/exp1/stage7c_per_layer_energy/runs/conv3_64pe/scale_sim_output_scale_64pe_energy/action_count.yaml
conv3,64,8x8,systolic_array.PE[0].weights_spad,PE_SPAD,read,11376.0,/home/cs25m115/Neural_Acc/exp1/stage7c_per_layer_energy/runs/conv3_64pe/scale_sim_output_scale_64pe_energy/action_count.yaml
conv3,64,8x8,systolic_array.PE[1].weights_spad,PE_SPAD,write,1296.0,/home/cs25m115/Neural_Acc/exp1/stage7c_per_layer_energy/runs/conv3_64pe/scale_sim_output_scale_64pe_energy/action_count.yaml
conv3,64,8x8,systolic_array.PE[1].weights_spad,PE_SPAD,read,11376.0,/home/cs25m115/Neural_Acc/exp1/stage7c_per_layer_energy/runs/conv3_64pe/scale_sim_output_scale_64pe_energy/action_count.yaml
conv3,64,8x8,systolic_array.PE[2].weights_spad,PE_SPAD,write,1296.0,/home/cs25m115/Neural_Acc/exp1/stage7c_per_layer_energy/runs/conv3_64pe/scale_sim_output_scale_64pe_energy/action_count.yaml
conv3,64,8x8,systolic_array.PE[2].weights_spad,PE_SPAD,read,11376.0,/home/cs25m115/Neural_Acc/exp1/stage7c_per_layer_energy/runs/conv3_64pe/scale_sim_output_scale_64pe_energy/action_count.yaml
conv3,64,8x8,systolic_array.PE[3].weights_spad,PE_SPAD,write,1296.0,/home/cs25m115/Neural_Acc/exp1/stage7c_per_layer_energy/runs/conv3_64pe/scale_sim_output_scale_64pe_energy/action_count.yaml
conv3,64,8x8,systolic_array.PE[3].weights_spad,PE_SPAD,read,11376.0,/home/cs25m115/Neural_Acc/exp1/stage7c_per_layer_energy/runs/conv3_64pe/scale_sim_output_scale_64pe_energy/action_count.yaml
conv3,64,8x8,systolic_array.PE[4].weights_spad,PE_SPAD,write,1296.0,/home/cs25m115/Neural_Acc/exp1/stage7c_per_layer_energy/runs/conv3_64pe/scale_sim_output_scale_64pe_energy/action_count.yaml
conv3,64,8x8,systolic_array.PE[4].weights_spad,PE_SPAD,read,11376.0,/home/cs25m115/Neural_Acc/exp1/stage7c_per_layer_energy/runs/conv3_64pe/scale_sim_output_scale_64pe_energy/action_count.yaml
conv3,64,8x8,systolic_array.PE[5].weights_spad,PE_SPAD,write,1296.0,/home/cs25m115/Neural_Acc/exp1/stage7c_per_layer_energy/runs/conv3_64pe/scale_sim_output_scale_64pe_energy/action_count.yaml
conv3,64,8x8,systolic_array.PE[5].weights_spad,PE_SPAD,read,11376.0,/home/cs25m115/Neural_Acc/exp1/stage7c_per_layer_energy/runs/conv3_64pe/scale_sim_output_scale_64pe_energy/action_count.yaml
conv3,64,8x8,systolic_array.PE[6].weights_spad,PE_SPAD,write,1296.0,/home/cs25m115/Neural_Acc/exp1/stage7c_per_layer_energy/runs/conv3_64pe/scale_sim_output_scale_64pe_energy/action_count.yaml
conv3,64,8x8,systolic_array.PE[6].weights_spad,PE_SPAD,read,11376.0,/home/cs25m115/Neural_Acc/exp1/stage7c_per_layer_energy/runs/conv3_64pe/scale_sim_output_scale_64pe_energy/action_count.yaml
conv3,64,8x8,systolic_array.PE[7].weights_spad,PE_SPAD,write,1296.0,/home/cs25m115/Neural_Acc/exp1/stage7c_per_layer_energy/runs/conv3_64pe/scale_sim_output_scale_64pe_energy/action_count.yaml
conv3,64,8x8,systolic_array.PE[7].weights_spad,PE_SPAD,read,11376.0,/home/cs25m115/Neural_Acc/exp1/stage7c_per_layer_energy/runs/conv3_64pe/scale_sim_output_scale_64pe_energy/action_count.yaml
conv3,64,8x8,systolic_array.PE[8].weights_spad,PE_SPAD,write,1296.0,/home/cs25m115/Neural_Acc/exp1/stage7c_per_layer_energy/runs/conv3_64pe/scale_sim_output_scale_64pe_energy/action_count.yaml
conv3,64,8x8,systolic_array.PE[8].weights_spad,PE_SPAD,read,11376.0,/home/cs25m115/Neural_Acc/exp1/stage7c_per_layer_energy/runs/conv3_64pe/scale_sim_output_scale_64pe_energy/action_count.yaml
conv3,64,8x8,systolic_array.PE[9].weights_spad,PE_SPAD,write,1296.0,/home/cs25m115/Neural_Acc/exp1/stage7c_per_layer_energy/runs/conv3_64pe/scale_sim_output_scale_64pe_energy/action_count.yaml
conv3,64,8x8,systolic_array.PE[9].weights_spad,PE_SPAD,read,11376.0,/home/cs25m115/Neural_Acc/exp1/stage7c_per_layer_energy/runs/conv3_64pe/scale_sim_output_scale_64pe_energy/action_count.yaml
conv3,64,8x8,systolic_array.PE[10].weights_spad,PE_SPAD,write,1296.0,/home/cs25m115/Neural_Acc/exp1/stage7c_per_layer_energy/runs/conv3_64pe/scale_sim_output_scale_64pe_energy/action_count.yaml
conv3,64,8x8,systolic_array.PE[10].weights_spad,PE_SPAD,read,11376.0,/home/cs25m115/Neural_Acc/exp1/stage7c_per_layer_energy/runs/conv3_64pe/scale_sim_output_scale_64pe_energy/action_count.yaml
conv3,64,8x8,systolic_array.PE[11].weights_spad,PE_SPAD,write,1296.0,/home/cs25m115/Neural_Acc/exp1/stage7c_per_layer_energy/runs/conv3_64pe/scale_sim_output_scale_64pe_energy/action_count.yaml
conv3,64,8x8,systolic_array.PE[11].weights_spad,PE_SPAD,read,11376.0,/home/cs25m115/Neural_Acc/exp1/stage7c_per_layer_energy/runs/conv3_64pe/scale_sim_output_scale_64pe_energy/action_count.yaml
conv3,64,8x8,systolic_array.PE[12].weights_spad,PE_SPAD,write,1296.0,/home/cs25m115/Neural_Acc/exp1/stage7c_per_layer_energy/runs/conv3_64pe/scale_sim_output_scale_64pe_energy/action_count.yaml
conv3,64,8x8,systolic_array.PE[12].weights_spad,PE_SPAD,read,11376.0,/home/cs25m115/Neural_Acc/exp1/stage7c_per_layer_energy/runs/conv3_64pe/scale_sim_output_scale_64pe_energy/action_count.yaml
conv3,64,8x8,systolic_array.PE[13].weights_spad,PE_SPAD,write,1296.0,/home/cs25m115/Neural_Acc/exp1/stage7c_per_layer_energy/runs/conv3_64pe/scale_sim_output_scale_64pe_energy/action_count.yaml
conv3,64,8x8,systolic_array.PE[13].weights_spad,PE_SPAD,read,11376.0,/home/cs25m115/Neural_Acc/exp1/stage7c_per_layer_energy/runs/conv3_64pe/scale_sim_output_scale_64pe_energy/action_count.yaml
conv3,64,8x8,systolic_array.PE[14].weights_spad,PE_SPAD,write,1296.0,/home/cs25m115/Neural_Acc/exp1/stage7c_per_layer_energy/runs/conv3_64pe/scale_sim_output_scale_64pe_energy/action_count.yaml
conv3,64,8x8,systolic_array.PE[14].weights_spad,PE_SPAD,read,11376.0,/home/cs25m115/Neural_Acc/exp1/stage7c_per_layer_energy/runs/conv3_64pe/scale_sim_output_scale_64pe_energy/action_count.yaml
conv3,64,8x8,systolic_array.PE[15].weights_spad,PE_SPAD,write,1296.0,/home/cs25m115/Neural_Acc/exp1/stage7c_per_layer_energy/runs/conv3_64pe/scale_sim_output_scale_64pe_energy/action_count.yaml
conv3,64,8x8,systolic_array.PE[15].weights_spad,PE_SPAD,read,11376.0,/home/cs25m115/Neural_Acc/exp1/stage7c_per_layer_energy/runs/conv3_64pe/scale_sim_output_scale_64pe_energy/action_count.yaml
conv3,64,8x8,systolic_array.PE[16].weights_spad,PE_SPAD,write,1296.0,/home/cs25m115/Neural_Acc/exp1/stage7c_per_layer_energy/runs/conv3_64pe/scale_sim_output_scale_64pe_energy/action_count.yaml
conv3,64,8x8,systolic_array.PE[16].weights_spad,PE_SPAD,read,11376.0,/home/cs25m115/Neural_Acc/exp1/stage7c_per_layer_energy/runs/conv3_64pe/scale_sim_output_scale_64pe_energy/action_count.yaml
conv3,64,8x8,systolic_array.PE[17].weights_spad,PE_SPAD,write,1296.0,/home/cs25m115/Neural_Acc/exp1/stage7c_per_layer_energy/runs/conv3_64pe/scale_sim_output_scale_64pe_energy/action_count.yaml
conv3,64,8x8,systolic_array.PE[17].weights_spad,PE_SPAD,read,11376.0,/home/cs25m115/Neural_Acc/exp1/stage7c_per_layer_energy/runs/conv3_64pe/scale_sim_output_scale_64pe_energy/action_count.yaml
conv3,64,8x8,systolic_array.PE[18].weights_spad,PE_SPAD,write,1296.0,/home/cs25m115/Neural_Acc/exp1/stage7c_per_layer_energy/runs/conv3_64pe/scale_sim_output_scale_64pe_energy/action_count.yaml
conv3,64,8x8,systolic_array.PE[18].weights_spad,PE_SPAD,read,11376.0,/home/cs25m115/Neural_Acc/exp1/stage7c_per_layer_energy/runs/conv3_64pe/scale_sim_output_scale_64pe_energy/action_count.yaml
conv3,64,8x8,systolic_array.PE[19].weights_spad,PE_SPAD,write,1296.0,/home/cs25m115/Neural_Acc/exp1/stage7c_per_layer_energy/runs/conv3_64pe/scale_sim_output_scale_64pe_energy/action_count.yaml
conv3,64,8x8,systolic_array.PE[19].weights_spad,PE_SPAD,read,11376.0,/home/cs25m115/Neural_Acc/exp1/stage7c_per_layer_energy/runs/conv3_64pe/scale_sim_output_scale_64pe_energy/action_count.yaml
conv3,64,8x8,systolic_array.PE[20].weights_spad,PE_SPAD,write,1296.0,/home/cs25m115/Neural_Acc/exp1/stage7c_per_layer_energy/runs/conv3_64pe/scale_sim_output_scale_64pe_energy/action_count.yaml
conv3,64,8x8,systolic_array.PE[20].weights_spad,PE_SPAD,read,11376.0,/home/cs25m115/Neural_Acc/exp1/stage7c_per_layer_energy/runs/conv3_64pe/scale_sim_output_scale_64pe_energy/action_count.yaml
conv3,64,8x8,systolic_array.PE[21].weights_spad,PE_SPAD,write,1296.0,/home/cs25m115/Neural_Acc/exp1/stage7c_per_layer_energy/runs/conv3_64pe/scale_sim_output_scale_64pe_energy/action_count.yaml
conv3,64,8x8,systolic_array.PE[21].weights_spad,PE_SPAD,read,11376.0,/home/cs25m115/Neural_Acc/exp1/stage7c_per_layer_energy/runs/conv3_64pe/scale_sim_output_scale_64pe_energy/action_count.yaml
conv3,64,8x8,systolic_array.PE[22].weights_spad,PE_SPAD,write,1296.0,/home/cs25m115/Neural_Acc/exp1/stage7c_per_layer_energy/runs/conv3_64pe/scale_sim_output_scale_64pe_energy/action_count.yaml
conv3,64,8x8,systolic_array.PE[22].weights_spad,PE_SPAD,read,11376.0,/home/cs25m115/Neural_Acc/exp1/stage7c_per_layer_energy/runs/conv3_64pe/scale_sim_output_scale_64pe_energy/action_count.yaml
conv3,64,8x8,systolic_array.PE[23].weights_spad,PE_SPAD,write,1296.0,/home/cs25m115/Neural_Acc/exp1/stage7c_per_layer_energy/runs/conv3_64pe/scale_sim_output_scale_64pe_energy/action_count.yaml
conv3,64,8x8,systolic_array.PE[23].weights_spad,PE_SPAD,read,11376.0,/home/cs25m115/Neural_Acc/exp1/stage7c_per_layer_energy/runs/conv3_64pe/scale_sim_output_scale_64pe_energy/action_count.yaml
conv3,64,8x8,systolic_array.PE[24].weights_spad,PE_SPAD,write,1296.0,/home/cs25m115/Neural_Acc/exp1/stage7c_per_layer_energy/runs/conv3_64pe/scale_sim_output_scale_64pe_energy/action_count.yaml
conv3,64,8x8,systolic_array.PE[24].weights_spad,PE_SPAD,read,11376.0,/home/cs25m115/Neural_Acc/exp1/stage7c_per_layer_energy/runs/conv3_64pe/scale_sim_output_scale_64pe_energy/action_count.yaml
conv3,64,8x8,systolic_array.PE[25].weights_spad,PE_SPAD,write,1296.0,/home/cs25m115/Neural_Acc/exp1/stage7c_per_layer_energy/runs/conv3_64pe/scale_sim_output_scale_64pe_energy/action_count.yaml
conv3,64,8x8,systolic_array.PE[25].weights_spad,PE_SPAD,read,11376.0,/home/cs25m115/Neural_Acc/exp1/stage7c_per_layer_energy/runs/conv3_64pe/scale_sim_output_scale_64pe_energy/action_count.yaml
conv3,64,8x8,systolic_array.PE[26].weights_spad,PE_SPAD,write,1296.0,/home/cs25m115/Neural_Acc/exp1/stage7c_per_layer_energy/runs/conv3_64pe/scale_sim_output_scale_64pe_energy/action_count.yaml
conv3,64,8x8,systolic_array.PE[26].weights_spad,PE_SPAD,read,11376.0,/home/cs25m115/Neural_Acc/exp1/stage7c_per_layer_energy/runs/conv3_64pe/scale_sim_output_scale_64pe_energy/action_count.yaml
conv3,64,8x8,systolic_array.PE[27].weights_spad,PE_SPAD,write,1296.0,/home/cs25m115/Neural_Acc/exp1/stage7c_per_layer_energy/runs/conv3_64pe/scale_sim_output_scale_64pe_energy/action_count.yaml
conv3,64,8x8,systolic_array.PE[27].weights_spad,PE_SPAD,read,11376.0,/home/cs25m115/Neural_Acc/exp1/stage7c_per_layer_energy/runs/conv3_64pe/scale_sim_output_scale_64pe_energy/action_count.yaml
conv3,64,8x8,systolic_array.PE[28].weights_spad,PE_SPAD,write,1296.0,/home/cs25m115/Neural_Acc/exp1/stage7c_per_layer_energy/runs/conv3_64pe/scale_sim_output_scale_64pe_energy/action_count.yaml
conv3,64,8x8,systolic_array.PE[28].weights_spad,PE_SPAD,read,11376.0,/home/cs25m115/Neural_Acc/exp1/stage7c_per_layer_energy/runs/conv3_64pe/scale_sim_output_scale_64pe_energy/action_count.yaml
conv3,64,8x8,systolic_array.PE[29].weights_spad,PE_SPAD,write,1296.0,/home/cs25m115/Neural_Acc/exp1/stage7c_per_layer_energy/runs/conv3_64pe/scale_sim_output_scale_64pe_energy/action_count.yaml
conv3,64,8x8,systolic_array.PE[29].weights_spad,PE_SPAD,read,11376.0,/home/cs25m115/Neural_Acc/exp1/stage7c_per_layer_energy/runs/conv3_64pe/scale_sim_output_scale_64pe_energy/action_count.yaml
conv3,64,8x8,systolic_array.PE[30].weights_spad,PE_SPAD,write,1296.0,/home/cs25m115/Neural_Acc/exp1/stage7c_per_layer_energy/runs/conv3_64pe/scale_sim_output_scale_64pe_energy/action_count.yaml
conv3,64,8x8,systolic_array.PE[30].weights_spad,PE_SPAD,read,11376.0,/home/cs25m115/Neural_Acc/exp1/stage7c_per_layer_energy/runs/conv3_64pe/scale_sim_output_scale_64pe_energy/action_count.yaml
conv3,64,8x8,systolic_array.PE[31].weights_spad,PE_SPAD,write,1296.0,/home/cs25m115/Neural_Acc/exp1/stage7c_per_layer_energy/runs/conv3_64pe/scale_sim_output_scale_64pe_energy/action_count.yaml
conv3,64,8x8,systolic_array.PE[31].weights_spad,PE_SPAD,read,11376.0,/home/cs25m115/Neural_Acc/exp1/stage7c_per_layer_energy/runs/conv3_64pe/scale_sim_output_scale_64pe_energy/action_count.yaml
conv3,64,8x8,systolic_array.PE[32].weights_spad,PE_SPAD,write,1296.0,/home/cs25m115/Neural_Acc/exp1/stage7c_per_layer_energy/runs/conv3_64pe/scale_sim_output_scale_64pe_energy/action_count.yaml
conv3,64,8x8,systolic_array.PE[32].weights_spad,PE_SPAD,read,11376.0,/home/cs25m115/Neural_Acc/exp1/stage7c_per_layer_energy/runs/conv3_64pe/scale_sim_output_scale_64pe_energy/action_count.yaml
conv3,64,8x8,systolic_array.PE[33].weights_spad,PE_SPAD,write,1296.0,/home/cs25m115/Neural_Acc/exp1/stage7c_per_layer_energy/runs/conv3_64pe/scale_sim_output_scale_64pe_energy/action_count.yaml
conv3,64,8x8,systolic_array.PE[33].weights_spad,PE_SPAD,read,11376.0,/home/cs25m115/Neural_Acc/exp1/stage7c_per_layer_energy/runs/conv3_64pe/scale_sim_output_scale_64pe_energy/action_count.yaml
conv3,64,8x8,systolic_array.PE[34].weights_spad,PE_SPAD,write,1296.0,/home/cs25m115/Neural_Acc/exp1/stage7c_per_layer_energy/runs/conv3_64pe/scale_sim_output_scale_64pe_energy/action_count.yaml
conv3,64,8x8,systolic_array.PE[34].weights_spad,PE_SPAD,read,11376.0,/home/cs25m115/Neural_Acc/exp1/stage7c_per_layer_energy/runs/conv3_64pe/scale_sim_output_scale_64pe_energy/action_count.yaml
conv3,64,8x8,systolic_array.PE[35].weights_spad,PE_SPAD,write,1296.0,/home/cs25m115/Neural_Acc/exp1/stage7c_per_layer_energy/runs/conv3_64pe/scale_sim_output_scale_64pe_energy/action_count.yaml
conv3,64,8x8,systolic_array.PE[35].weights_spad,PE_SPAD,read,11376.0,/home/cs25m115/Neural_Acc/exp1/stage7c_per_layer_energy/runs/conv3_64pe/scale_sim_output_scale_64pe_energy/action_count.yaml
conv3,64,8x8,systolic_array.PE[36].weights_spad,PE_SPAD,write,1296.0,/home/cs25m115/Neural_Acc/exp1/stage7c_per_layer_energy/runs/conv3_64pe/scale_sim_output_scale_64pe_energy/action_count.yaml
conv3,64,8x8,systolic_array.PE[36].weights_spad,PE_SPAD,read,11376.0,/home/cs25m115/Neural_Acc/exp1/stage7c_per_layer_energy/runs/conv3_64pe/scale_sim_output_scale_64pe_energy/action_count.yaml
conv3,64,8x8,systolic_array.PE[37].weights_spad,PE_SPAD,write,1296.0,/home/cs25m115/Neural_Acc/exp1/stage7c_per_layer_energy/runs/conv3_64pe/scale_sim_output_scale_64pe_energy/action_count.yaml
conv3,64,8x8,systolic_array.PE[37].weights_spad,PE_SPAD,read,11376.0,/home/cs25m115/Neural_Acc/exp1/stage7c_per_layer_energy/runs/conv3_64pe/scale_sim_output_scale_64pe_energy/action_count.yaml
conv3,64,8x8,systolic_array.PE[38].weights_spad,PE_SPAD,write,1296.0,/home/cs25m115/Neural_Acc/exp1/stage7c_per_layer_energy/runs/conv3_64pe/scale_sim_output_scale_64pe_energy/action_count.yaml
conv3,64,8x8,systolic_array.PE[38].weights_spad,PE_SPAD,read,11376.0,/home/cs25m115/Neural_Acc/exp1/stage7c_per_layer_energy/runs/conv3_64pe/scale_sim_output_scale_64pe_energy/action_count.yaml
conv3,64,8x8,systolic_array.PE[39].weights_spad,PE_SPAD,write,1296.0,/home/cs25m115/Neural_Acc/exp1/stage7c_per_layer_energy/runs/conv3_64pe/scale_sim_output_scale_64pe_energy/action_count.yaml
conv3,64,8x8,systolic_array.PE[39].weights_spad,PE_SPAD,read,11376.0,/home/cs25m115/Neural_Acc/exp1/stage7c_per_layer_energy/runs/conv3_64pe/scale_sim_output_scale_64pe_energy/action_count.yaml
conv3,64,8x8,systolic_array.PE[40].weights_spad,PE_SPAD,write,1296.0,/home/cs25m115/Neural_Acc/exp1/stage7c_per_layer_energy/runs/conv3_64pe/scale_sim_output_scale_64pe_energy/action_count.yaml
conv3,64,8x8,systolic_array.PE[40].weights_spad,PE_SPAD,read,11376.0,/home/cs25m115/Neural_Acc/exp1/stage7c_per_layer_energy/runs/conv3_64pe/scale_sim_output_scale_64pe_energy/action_count.yaml
conv3,64,8x8,systolic_array.PE[41].weights_spad,PE_SPAD,write,1296.0,/home/cs25m115/Neural_Acc/exp1/stage7c_per_layer_energy/runs/conv3_64pe/scale_sim_output_scale_64pe_energy/action_count.yaml
conv3,64,8x8,systolic_array.PE[41].weights_spad,PE_SPAD,read,11376.0,/home/cs25m115/Neural_Acc/exp1/stage7c_per_layer_energy/runs/conv3_64pe/scale_sim_output_scale_64pe_energy/action_count.yaml
conv3,64,8x8,systolic_array.PE[42].weights_spad,PE_SPAD,write,1296.0,/home/cs25m115/Neural_Acc/exp1/stage7c_per_layer_energy/runs/conv3_64pe/scale_sim_output_scale_64pe_energy/action_count.yaml
conv3,64,8x8,systolic_array.PE[42].weights_spad,PE_SPAD,read,11376.0,/home/cs25m115/Neural_Acc/exp1/stage7c_per_layer_energy/runs/conv3_64pe/scale_sim_output_scale_64pe_energy/action_count.yaml
conv3,64,8x8,systolic_array.PE[43].weights_spad,PE_SPAD,write,1296.0,/home/cs25m115/Neural_Acc/exp1/stage7c_per_layer_energy/runs/conv3_64pe/scale_sim_output_scale_64pe_energy/action_count.yaml
conv3,64,8x8,systolic_array.PE[43].weights_spad,PE_SPAD,read,11376.0,/home/cs25m115/Neural_Acc/exp1/stage7c_per_layer_energy/runs/conv3_64pe/scale_sim_output_scale_64pe_energy/action_count.yaml
conv3,64,8x8,systolic_array.PE[44].weights_spad,PE_SPAD,write,1296.0,/home/cs25m115/Neural_Acc/exp1/stage7c_per_layer_energy/runs/conv3_64pe/scale_sim_output_scale_64pe_energy/action_count.yaml
conv3,64,8x8,systolic_array.PE[44].weights_spad,PE_SPAD,read,11376.0,/home/cs25m115/Neural_Acc/exp1/stage7c_per_layer_energy/runs/conv3_64pe/scale_sim_output_scale_64pe_energy/action_count.yaml
conv3,64,8x8,systolic_array.PE[45].weights_spad,PE_SPAD,write,1296.0,/home/cs25m115/Neural_Acc/exp1/stage7c_per_layer_energy/runs/conv3_64pe/scale_sim_output_scale_64pe_energy/action_count.yaml
conv3,64,8x8,systolic_array.PE[45].weights_spad,PE_SPAD,read,11376.0,/home/cs25m115/Neural_Acc/exp1/stage7c_per_layer_energy/runs/conv3_64pe/scale_sim_output_scale_64pe_energy/action_count.yaml
conv3,64,8x8,systolic_array.PE[46].weights_spad,PE_SPAD,write,1296.0,/home/cs25m115/Neural_Acc/exp1/stage7c_per_layer_energy/runs/conv3_64pe/scale_sim_output_scale_64pe_energy/action_count.yaml
conv3,64,8x8,systolic_array.PE[46].weights_spad,PE_SPAD,read,11376.0,/home/cs25m115/Neural_Acc/exp1/stage7c_per_layer_energy/runs/conv3_64pe/scale_sim_output_scale_64pe_energy/action_count.yaml
conv3,64,8x8,systolic_array.PE[47].weights_spad,PE_SPAD,write,1296.0,/home/cs25m115/Neural_Acc/exp1/stage7c_per_layer_energy/runs/conv3_64pe/scale_sim_output_scale_64pe_energy/action_count.yaml
conv3,64,8x8,systolic_array.PE[47].weights_spad,PE_SPAD,read,11376.0,/home/cs25m115/Neural_Acc/exp1/stage7c_per_layer_energy/runs/conv3_64pe/scale_sim_output_scale_64pe_energy/action_count.yaml
conv3,64,8x8,systolic_array.PE[48].weights_spad,PE_SPAD,write,1296.0,/home/cs25m115/Neural_Acc/exp1/stage7c_per_layer_energy/runs/conv3_64pe/scale_sim_output_scale_64pe_energy/action_count.yaml
conv3,64,8x8,systolic_array.PE[48].weights_spad,PE_SPAD,read,11376.0,/home/cs25m115/Neural_Acc/exp1/stage7c_per_layer_energy/runs/conv3_64pe/scale_sim_output_scale_64pe_energy/action_count.yaml
conv3,64,8x8,systolic_array.PE[49].weights_spad,PE_SPAD,write,1296.0,/home/cs25m115/Neural_Acc/exp1/stage7c_per_layer_energy/runs/conv3_64pe/scale_sim_output_scale_64pe_energy/action_count.yaml
conv3,64,8x8,systolic_array.PE[49].weights_spad,PE_SPAD,read,11376.0,/home/cs25m115/Neural_Acc/exp1/stage7c_per_layer_energy/runs/conv3_64pe/scale_sim_output_scale_64pe_energy/action_count.yaml
conv3,64,8x8,systolic_array.PE[50].weights_spad,PE_SPAD,write,1296.0,/home/cs25m115/Neural_Acc/exp1/stage7c_per_layer_energy/runs/conv3_64pe/scale_sim_output_scale_64pe_energy/action_count.yaml
conv3,64,8x8,systolic_array.PE[50].weights_spad,PE_SPAD,read,11376.0,/home/cs25m115/Neural_Acc/exp1/stage7c_per_layer_energy/runs/conv3_64pe/scale_sim_output_scale_64pe_energy/action_count.yaml
conv3,64,8x8,systolic_array.PE[51].weights_spad,PE_SPAD,write,1296.0,/home/cs25m115/Neural_Acc/exp1/stage7c_per_layer_energy/runs/conv3_64pe/scale_sim_output_scale_64pe_energy/action_count.yaml
conv3,64,8x8,systolic_array.PE[51].weights_spad,PE_SPAD,read,11376.0,/home/cs25m115/Neural_Acc/exp1/stage7c_per_layer_energy/runs/conv3_64pe/scale_sim_output_scale_64pe_energy/action_count.yaml
conv3,64,8x8,systolic_array.PE[52].weights_spad,PE_SPAD,write,1296.0,/home/cs25m115/Neural_Acc/exp1/stage7c_per_layer_energy/runs/conv3_64pe/scale_sim_output_scale_64pe_energy/action_count.yaml
conv3,64,8x8,systolic_array.PE[52].weights_spad,PE_SPAD,read,11376.0,/home/cs25m115/Neural_Acc/exp1/stage7c_per_layer_energy/runs/conv3_64pe/scale_sim_output_scale_64pe_energy/action_count.yaml
conv3,64,8x8,systolic_array.PE[53].weights_spad,PE_SPAD,write,1296.0,/home/cs25m115/Neural_Acc/exp1/stage7c_per_layer_energy/runs/conv3_64pe/scale_sim_output_scale_64pe_energy/action_count.yaml
conv3,64,8x8,systolic_array.PE[53].weights_spad,PE_SPAD,read,11376.0,/home/cs25m115/Neural_Acc/exp1/stage7c_per_layer_energy/runs/conv3_64pe/scale_sim_output_scale_64pe_energy/action_count.yaml
conv3,64,8x8,systolic_array.PE[54].weights_spad,PE_SPAD,write,1296.0,/home/cs25m115/Neural_Acc/exp1/stage7c_per_layer_energy/runs/conv3_64pe/scale_sim_output_scale_64pe_energy/action_count.yaml
conv3,64,8x8,systolic_array.PE[54].weights_spad,PE_SPAD,read,11376.0,/home/cs25m115/Neural_Acc/exp1/stage7c_per_layer_energy/runs/conv3_64pe/scale_sim_output_scale_64pe_energy/action_count.yaml
conv3,64,8x8,systolic_array.PE[55].weights_spad,PE_SPAD,write,1296.0,/home/cs25m115/Neural_Acc/exp1/stage7c_per_layer_energy/runs/conv3_64pe/scale_sim_output_scale_64pe_energy/action_count.yaml
conv3,64,8x8,systolic_array.PE[55].weights_spad,PE_SPAD,read,11376.0,/home/cs25m115/Neural_Acc/exp1/stage7c_per_layer_energy/runs/conv3_64pe/scale_sim_output_scale_64pe_energy/action_count.yaml
conv3,64,8x8,systolic_array.PE[56].weights_spad,PE_SPAD,write,1296.0,/home/cs25m115/Neural_Acc/exp1/stage7c_per_layer_energy/runs/conv3_64pe/scale_sim_output_scale_64pe_energy/action_count.yaml
conv3,64,8x8,systolic_array.PE[56].weights_spad,PE_SPAD,read,11376.0,/home/cs25m115/Neural_Acc/exp1/stage7c_per_layer_energy/runs/conv3_64pe/scale_sim_output_scale_64pe_energy/action_count.yaml
conv3,64,8x8,systolic_array.PE[57].weights_spad,PE_SPAD,write,1296.0,/home/cs25m115/Neural_Acc/exp1/stage7c_per_layer_energy/runs/conv3_64pe/scale_sim_output_scale_64pe_energy/action_count.yaml
conv3,64,8x8,systolic_array.PE[57].weights_spad,PE_SPAD,read,11376.0,/home/cs25m115/Neural_Acc/exp1/stage7c_per_layer_energy/runs/conv3_64pe/scale_sim_output_scale_64pe_energy/action_count.yaml
conv3,64,8x8,systolic_array.PE[58].weights_spad,PE_SPAD,write,1296.0,/home/cs25m115/Neural_Acc/exp1/stage7c_per_layer_energy/runs/conv3_64pe/scale_sim_output_scale_64pe_energy/action_count.yaml
conv3,64,8x8,systolic_array.PE[58].weights_spad,PE_SPAD,read,11376.0,/home/cs25m115/Neural_Acc/exp1/stage7c_per_layer_energy/runs/conv3_64pe/scale_sim_output_scale_64pe_energy/action_count.yaml
conv3,64,8x8,systolic_array.PE[59].weights_spad,PE_SPAD,write,1296.0,/home/cs25m115/Neural_Acc/exp1/stage7c_per_layer_energy/runs/conv3_64pe/scale_sim_output_scale_64pe_energy/action_count.yaml
conv3,64,8x8,systolic_array.PE[59].weights_spad,PE_SPAD,read,11376.0,/home/cs25m115/Neural_Acc/exp1/stage7c_per_layer_energy/runs/conv3_64pe/scale_sim_output_scale_64pe_energy/action_count.yaml
conv3,64,8x8,systolic_array.PE[60].weights_spad,PE_SPAD,write,1296.0,/home/cs25m115/Neural_Acc/exp1/stage7c_per_layer_energy/runs/conv3_64pe/scale_sim_output_scale_64pe_energy/action_count.yaml
conv3,64,8x8,systolic_array.PE[60].weights_spad,PE_SPAD,read,11376.0,/home/cs25m115/Neural_Acc/exp1/stage7c_per_layer_energy/runs/conv3_64pe/scale_sim_output_scale_64pe_energy/action_count.yaml
conv3,64,8x8,systolic_array.PE[61].weights_spad,PE_SPAD,write,1296.0,/home/cs25m115/Neural_Acc/exp1/stage7c_per_layer_energy/runs/conv3_64pe/scale_sim_output_scale_64pe_energy/action_count.yaml
conv3,64,8x8,systolic_array.PE[61].weights_spad,PE_SPAD,read,11376.0,/home/cs25m115/Neural_Acc/exp1/stage7c_per_layer_energy/runs/conv3_64pe/scale_sim_output_scale_64pe_energy/action_count.yaml
conv3,64,8x8,systolic_array.PE[62].weights_spad,PE_SPAD,write,1296.0,/home/cs25m115/Neural_Acc/exp1/stage7c_per_layer_energy/runs/conv3_64pe/scale_sim_output_scale_64pe_energy/action_count.yaml
conv3,64,8x8,systolic_array.PE[62].weights_spad,PE_SPAD,read,11376.0,/home/cs25m115/Neural_Acc/exp1/stage7c_per_layer_energy/runs/conv3_64pe/scale_sim_output_scale_64pe_energy/action_count.yaml
conv3,64,8x8,systolic_array.PE[63].weights_spad,PE_SPAD,write,1296.0,/home/cs25m115/Neural_Acc/exp1/stage7c_per_layer_energy/runs/conv3_64pe/scale_sim_output_scale_64pe_energy/action_count.yaml
conv3,64,8x8,systolic_array.PE[63].weights_spad,PE_SPAD,read,11376.0,/home/cs25m115/Neural_Acc/exp1/stage7c_per_layer_energy/runs/conv3_64pe/scale_sim_output_scale_64pe_energy/action_count.yaml
conv3,64,8x8,systolic_array.PE[0].ifmap_spad,PE_SPAD,write,10368.0,/home/cs25m115/Neural_Acc/exp1/stage7c_per_layer_energy/runs/conv3_64pe/scale_sim_output_scale_64pe_energy/action_count.yaml
conv3,64,8x8,systolic_array.PE[0].ifmap_spad,PE_SPAD,read,19440.0,/home/cs25m115/Neural_Acc/exp1/stage7c_per_layer_energy/runs/conv3_64pe/scale_sim_output_scale_64pe_energy/action_count.yaml
conv3,64,8x8,systolic_array.PE[1].ifmap_spad,PE_SPAD,write,10368.0,/home/cs25m115/Neural_Acc/exp1/stage7c_per_layer_energy/runs/conv3_64pe/scale_sim_output_scale_64pe_energy/action_count.yaml
conv3,64,8x8,systolic_array.PE[1].ifmap_spad,PE_SPAD,read,19440.0,/home/cs25m115/Neural_Acc/exp1/stage7c_per_layer_energy/runs/conv3_64pe/scale_sim_output_scale_64pe_energy/action_count.yaml
conv3,64,8x8,systolic_array.PE[2].ifmap_spad,PE_SPAD,write,10368.0,/home/cs25m115/Neural_Acc/exp1/stage7c_per_layer_energy/runs/conv3_64pe/scale_sim_output_scale_64pe_energy/action_count.yaml
conv3,64,8x8,systolic_array.PE[2].ifmap_spad,PE_SPAD,read,19440.0,/home/cs25m115/Neural_Acc/exp1/stage7c_per_layer_energy/runs/conv3_64pe/scale_sim_output_scale_64pe_energy/action_count.yaml
conv3,64,8x8,systolic_array.PE[3].ifmap_spad,PE_SPAD,write,10368.0,/home/cs25m115/Neural_Acc/exp1/stage7c_per_layer_energy/runs/conv3_64pe/scale_sim_output_scale_64pe_energy/action_count.yaml
conv3,64,8x8,systolic_array.PE[3].ifmap_spad,PE_SPAD,read,19440.0,/home/cs25m115/Neural_Acc/exp1/stage7c_per_layer_energy/runs/conv3_64pe/scale_sim_output_scale_64pe_energy/action_count.yaml
conv3,64,8x8,systolic_array.PE[4].ifmap_spad,PE_SPAD,write,10368.0,/home/cs25m115/Neural_Acc/exp1/stage7c_per_layer_energy/runs/conv3_64pe/scale_sim_output_scale_64pe_energy/action_count.yaml
conv3,64,8x8,systolic_array.PE[4].ifmap_spad,PE_SPAD,read,19440.0,/home/cs25m115/Neural_Acc/exp1/stage7c_per_layer_energy/runs/conv3_64pe/scale_sim_output_scale_64pe_energy/action_count.yaml
conv3,64,8x8,systolic_array.PE[5].ifmap_spad,PE_SPAD,write,10368.0,/home/cs25m115/Neural_Acc/exp1/stage7c_per_layer_energy/runs/conv3_64pe/scale_sim_output_scale_64pe_energy/action_count.yaml
conv3,64,8x8,systolic_array.PE[5].ifmap_spad,PE_SPAD,read,19440.0,/home/cs25m115/Neural_Acc/exp1/stage7c_per_layer_energy/runs/conv3_64pe/scale_sim_output_scale_64pe_energy/action_count.yaml
conv3,64,8x8,systolic_array.PE[6].ifmap_spad,PE_SPAD,write,10368.0,/home/cs25m115/Neural_Acc/exp1/stage7c_per_layer_energy/runs/conv3_64pe/scale_sim_output_scale_64pe_energy/action_count.yaml
conv3,64,8x8,systolic_array.PE[6].ifmap_spad,PE_SPAD,read,19440.0,/home/cs25m115/Neural_Acc/exp1/stage7c_per_layer_energy/runs/conv3_64pe/scale_sim_output_scale_64pe_energy/action_count.yaml
conv3,64,8x8,systolic_array.PE[7].ifmap_spad,PE_SPAD,write,10368.0,/home/cs25m115/Neural_Acc/exp1/stage7c_per_layer_energy/runs/conv3_64pe/scale_sim_output_scale_64pe_energy/action_count.yaml
conv3,64,8x8,systolic_array.PE[7].ifmap_spad,PE_SPAD,read,19440.0,/home/cs25m115/Neural_Acc/exp1/stage7c_per_layer_energy/runs/conv3_64pe/scale_sim_output_scale_64pe_energy/action_count.yaml
conv3,64,8x8,systolic_array.PE[8].ifmap_spad,PE_SPAD,write,10368.0,/home/cs25m115/Neural_Acc/exp1/stage7c_per_layer_energy/runs/conv3_64pe/scale_sim_output_scale_64pe_energy/action_count.yaml
conv3,64,8x8,systolic_array.PE[8].ifmap_spad,PE_SPAD,read,19440.0,/home/cs25m115/Neural_Acc/exp1/stage7c_per_layer_energy/runs/conv3_64pe/scale_sim_output_scale_64pe_energy/action_count.yaml
conv3,64,8x8,systolic_array.PE[9].ifmap_spad,PE_SPAD,write,10368.0,/home/cs25m115/Neural_Acc/exp1/stage7c_per_layer_energy/runs/conv3_64pe/scale_sim_output_scale_64pe_energy/action_count.yaml
conv3,64,8x8,systolic_array.PE[9].ifmap_spad,PE_SPAD,read,19440.0,/home/cs25m115/Neural_Acc/exp1/stage7c_per_layer_energy/runs/conv3_64pe/scale_sim_output_scale_64pe_energy/action_count.yaml
conv3,64,8x8,systolic_array.PE[10].ifmap_spad,PE_SPAD,write,10368.0,/home/cs25m115/Neural_Acc/exp1/stage7c_per_layer_energy/runs/conv3_64pe/scale_sim_output_scale_64pe_energy/action_count.yaml
conv3,64,8x8,systolic_array.PE[10].ifmap_spad,PE_SPAD,read,19440.0,/home/cs25m115/Neural_Acc/exp1/stage7c_per_layer_energy/runs/conv3_64pe/scale_sim_output_scale_64pe_energy/action_count.yaml
conv3,64,8x8,systolic_array.PE[11].ifmap_spad,PE_SPAD,write,10368.0,/home/cs25m115/Neural_Acc/exp1/stage7c_per_layer_energy/runs/conv3_64pe/scale_sim_output_scale_64pe_energy/action_count.yaml
conv3,64,8x8,systolic_array.PE[11].ifmap_spad,PE_SPAD,read,19440.0,/home/cs25m115/Neural_Acc/exp1/stage7c_per_layer_energy/runs/conv3_64pe/scale_sim_output_scale_64pe_energy/action_count.yaml
conv3,64,8x8,systolic_array.PE[12].ifmap_spad,PE_SPAD,write,10368.0,/home/cs25m115/Neural_Acc/exp1/stage7c_per_layer_energy/runs/conv3_64pe/scale_sim_output_scale_64pe_energy/action_count.yaml
conv3,64,8x8,systolic_array.PE[12].ifmap_spad,PE_SPAD,read,19440.0,/home/cs25m115/Neural_Acc/exp1/stage7c_per_layer_energy/runs/conv3_64pe/scale_sim_output_scale_64pe_energy/action_count.yaml
conv3,64,8x8,systolic_array.PE[13].ifmap_spad,PE_SPAD,write,10368.0,/home/cs25m115/Neural_Acc/exp1/stage7c_per_layer_energy/runs/conv3_64pe/scale_sim_output_scale_64pe_energy/action_count.yaml
conv3,64,8x8,systolic_array.PE[13].ifmap_spad,PE_SPAD,read,19440.0,/home/cs25m115/Neural_Acc/exp1/stage7c_per_layer_energy/runs/conv3_64pe/scale_sim_output_scale_64pe_energy/action_count.yaml
conv3,64,8x8,systolic_array.PE[14].ifmap_spad,PE_SPAD,write,10368.0,/home/cs25m115/Neural_Acc/exp1/stage7c_per_layer_energy/runs/conv3_64pe/scale_sim_output_scale_64pe_energy/action_count.yaml
conv3,64,8x8,systolic_array.PE[14].ifmap_spad,PE_SPAD,read,19440.0,/home/cs25m115/Neural_Acc/exp1/stage7c_per_layer_energy/runs/conv3_64pe/scale_sim_output_scale_64pe_energy/action_count.yaml
conv3,64,8x8,systolic_array.PE[15].ifmap_spad,PE_SPAD,write,10368.0,/home/cs25m115/Neural_Acc/exp1/stage7c_per_layer_energy/runs/conv3_64pe/scale_sim_output_scale_64pe_energy/action_count.yaml
conv3,64,8x8,systolic_array.PE[15].ifmap_spad,PE_SPAD,read,19440.0,/home/cs25m115/Neural_Acc/exp1/stage7c_per_layer_energy/runs/conv3_64pe/scale_sim_output_scale_64pe_energy/action_count.yaml
conv3,64,8x8,systolic_array.PE[16].ifmap_spad,PE_SPAD,write,10368.0,/home/cs25m115/Neural_Acc/exp1/stage7c_per_layer_energy/runs/conv3_64pe/scale_sim_output_scale_64pe_energy/action_count.yaml
conv3,64,8x8,systolic_array.PE[16].ifmap_spad,PE_SPAD,read,19440.0,/home/cs25m115/Neural_Acc/exp1/stage7c_per_layer_energy/runs/conv3_64pe/scale_sim_output_scale_64pe_energy/action_count.yaml
conv3,64,8x8,systolic_array.PE[17].ifmap_spad,PE_SPAD,write,10368.0,/home/cs25m115/Neural_Acc/exp1/stage7c_per_layer_energy/runs/conv3_64pe/scale_sim_output_scale_64pe_energy/action_count.yaml
conv3,64,8x8,systolic_array.PE[17].ifmap_spad,PE_SPAD,read,19440.0,/home/cs25m115/Neural_Acc/exp1/stage7c_per_layer_energy/runs/conv3_64pe/scale_sim_output_scale_64pe_energy/action_count.yaml
conv3,64,8x8,systolic_array.PE[18].ifmap_spad,PE_SPAD,write,10368.0,/home/cs25m115/Neural_Acc/exp1/stage7c_per_layer_energy/runs/conv3_64pe/scale_sim_output_scale_64pe_energy/action_count.yaml
conv3,64,8x8,systolic_array.PE[18].ifmap_spad,PE_SPAD,read,19440.0,/home/cs25m115/Neural_Acc/exp1/stage7c_per_layer_energy/runs/conv3_64pe/scale_sim_output_scale_64pe_energy/action_count.yaml
conv3,64,8x8,systolic_array.PE[19].ifmap_spad,PE_SPAD,write,10368.0,/home/cs25m115/Neural_Acc/exp1/stage7c_per_layer_energy/runs/conv3_64pe/scale_sim_output_scale_64pe_energy/action_count.yaml
conv3,64,8x8,systolic_array.PE[19].ifmap_spad,PE_SPAD,read,19440.0,/home/cs25m115/Neural_Acc/exp1/stage7c_per_layer_energy/runs/conv3_64pe/scale_sim_output_scale_64pe_energy/action_count.yaml
conv3,64,8x8,systolic_array.PE[20].ifmap_spad,PE_SPAD,write,10368.0,/home/cs25m115/Neural_Acc/exp1/stage7c_per_layer_energy/runs/conv3_64pe/scale_sim_output_scale_64pe_energy/action_count.yaml
conv3,64,8x8,systolic_array.PE[20].ifmap_spad,PE_SPAD,read,19440.0,/home/cs25m115/Neural_Acc/exp1/stage7c_per_layer_energy/runs/conv3_64pe/scale_sim_output_scale_64pe_energy/action_count.yaml
conv3,64,8x8,systolic_array.PE[21].ifmap_spad,PE_SPAD,write,10368.0,/home/cs25m115/Neural_Acc/exp1/stage7c_per_layer_energy/runs/conv3_64pe/scale_sim_output_scale_64pe_energy/action_count.yaml
conv3,64,8x8,systolic_array.PE[21].ifmap_spad,PE_SPAD,read,19440.0,/home/cs25m115/Neural_Acc/exp1/stage7c_per_layer_energy/runs/conv3_64pe/scale_sim_output_scale_64pe_energy/action_count.yaml
conv3,64,8x8,systolic_array.PE[22].ifmap_spad,PE_SPAD,write,10368.0,/home/cs25m115/Neural_Acc/exp1/stage7c_per_layer_energy/runs/conv3_64pe/scale_sim_output_scale_64pe_energy/action_count.yaml
conv3,64,8x8,systolic_array.PE[22].ifmap_spad,PE_SPAD,read,19440.0,/home/cs25m115/Neural_Acc/exp1/stage7c_per_layer_energy/runs/conv3_64pe/scale_sim_output_scale_64pe_energy/action_count.yaml
conv3,64,8x8,systolic_array.PE[23].ifmap_spad,PE_SPAD,write,10368.0,/home/cs25m115/Neural_Acc/exp1/stage7c_per_layer_energy/runs/conv3_64pe/scale_sim_output_scale_64pe_energy/action_count.yaml
conv3,64,8x8,systolic_array.PE[23].ifmap_spad,PE_SPAD,read,19440.0,/home/cs25m115/Neural_Acc/exp1/stage7c_per_layer_energy/runs/conv3_64pe/scale_sim_output_scale_64pe_energy/action_count.yaml
conv3,64,8x8,systolic_array.PE[24].ifmap_spad,PE_SPAD,write,10368.0,/home/cs25m115/Neural_Acc/exp1/stage7c_per_layer_energy/runs/conv3_64pe/scale_sim_output_scale_64pe_energy/action_count.yaml
conv3,64,8x8,systolic_array.PE[24].ifmap_spad,PE_SPAD,read,19440.0,/home/cs25m115/Neural_Acc/exp1/stage7c_per_layer_energy/runs/conv3_64pe/scale_sim_output_scale_64pe_energy/action_count.yaml
conv3,64,8x8,systolic_array.PE[25].ifmap_spad,PE_SPAD,write,10368.0,/home/cs25m115/Neural_Acc/exp1/stage7c_per_layer_energy/runs/conv3_64pe/scale_sim_output_scale_64pe_energy/action_count.yaml
conv3,64,8x8,systolic_array.PE[25].ifmap_spad,PE_SPAD,read,19440.0,/home/cs25m115/Neural_Acc/exp1/stage7c_per_layer_energy/runs/conv3_64pe/scale_sim_output_scale_64pe_energy/action_count.yaml
conv3,64,8x8,systolic_array.PE[26].ifmap_spad,PE_SPAD,write,10368.0,/home/cs25m115/Neural_Acc/exp1/stage7c_per_layer_energy/runs/conv3_64pe/scale_sim_output_scale_64pe_energy/action_count.yaml
conv3,64,8x8,systolic_array.PE[26].ifmap_spad,PE_SPAD,read,19440.0,/home/cs25m115/Neural_Acc/exp1/stage7c_per_layer_energy/runs/conv3_64pe/scale_sim_output_scale_64pe_energy/action_count.yaml
conv3,64,8x8,systolic_array.PE[27].ifmap_spad,PE_SPAD,write,10368.0,/home/cs25m115/Neural_Acc/exp1/stage7c_per_layer_energy/runs/conv3_64pe/scale_sim_output_scale_64pe_energy/action_count.yaml
conv3,64,8x8,systolic_array.PE[27].ifmap_spad,PE_SPAD,read,19440.0,/home/cs25m115/Neural_Acc/exp1/stage7c_per_layer_energy/runs/conv3_64pe/scale_sim_output_scale_64pe_energy/action_count.yaml
conv3,64,8x8,systolic_array.PE[28].ifmap_spad,PE_SPAD,write,10368.0,/home/cs25m115/Neural_Acc/exp1/stage7c_per_layer_energy/runs/conv3_64pe/scale_sim_output_scale_64pe_energy/action_count.yaml
conv3,64,8x8,systolic_array.PE[28].ifmap_spad,PE_SPAD,read,19440.0,/home/cs25m115/Neural_Acc/exp1/stage7c_per_layer_energy/runs/conv3_64pe/scale_sim_output_scale_64pe_energy/action_count.yaml
conv3,64,8x8,systolic_array.PE[29].ifmap_spad,PE_SPAD,write,10368.0,/home/cs25m115/Neural_Acc/exp1/stage7c_per_layer_energy/runs/conv3_64pe/scale_sim_output_scale_64pe_energy/action_count.yaml
conv3,64,8x8,systolic_array.PE[29].ifmap_spad,PE_SPAD,read,19440.0,/home/cs25m115/Neural_Acc/exp1/stage7c_per_layer_energy/runs/conv3_64pe/scale_sim_output_scale_64pe_energy/action_count.yaml
conv3,64,8x8,systolic_array.PE[30].ifmap_spad,PE_SPAD,write,10368.0,/home/cs25m115/Neural_Acc/exp1/stage7c_per_layer_energy/runs/conv3_64pe/scale_sim_output_scale_64pe_energy/action_count.yaml
conv3,64,8x8,systolic_array.PE[30].ifmap_spad,PE_SPAD,read,19440.0,/home/cs25m115/Neural_Acc/exp1/stage7c_per_layer_energy/runs/conv3_64pe/scale_sim_output_scale_64pe_energy/action_count.yaml
conv3,64,8x8,systolic_array.PE[31].ifmap_spad,PE_SPAD,write,10368.0,/home/cs25m115/Neural_Acc/exp1/stage7c_per_layer_energy/runs/conv3_64pe/scale_sim_output_scale_64pe_energy/action_count.yaml
conv3,64,8x8,systolic_array.PE[31].ifmap_spad,PE_SPAD,read,19440.0,/home/cs25m115/Neural_Acc/exp1/stage7c_per_layer_energy/runs/conv3_64pe/scale_sim_output_scale_64pe_energy/action_count.yaml
conv3,64,8x8,systolic_array.PE[32].ifmap_spad,PE_SPAD,write,10368.0,/home/cs25m115/Neural_Acc/exp1/stage7c_per_layer_energy/runs/conv3_64pe/scale_sim_output_scale_64pe_energy/action_count.yaml
conv3,64,8x8,systolic_array.PE[32].ifmap_spad,PE_SPAD,read,19440.0,/home/cs25m115/Neural_Acc/exp1/stage7c_per_layer_energy/runs/conv3_64pe/scale_sim_output_scale_64pe_energy/action_count.yaml
conv3,64,8x8,systolic_array.PE[33].ifmap_spad,PE_SPAD,write,10368.0,/home/cs25m115/Neural_Acc/exp1/stage7c_per_layer_energy/runs/conv3_64pe/scale_sim_output_scale_64pe_energy/action_count.yaml
conv3,64,8x8,systolic_array.PE[33].ifmap_spad,PE_SPAD,read,19440.0,/home/cs25m115/Neural_Acc/exp1/stage7c_per_layer_energy/runs/conv3_64pe/scale_sim_output_scale_64pe_energy/action_count.yaml
conv3,64,8x8,systolic_array.PE[34].ifmap_spad,PE_SPAD,write,10368.0,/home/cs25m115/Neural_Acc/exp1/stage7c_per_layer_energy/runs/conv3_64pe/scale_sim_output_scale_64pe_energy/action_count.yaml
conv3,64,8x8,systolic_array.PE[34].ifmap_spad,PE_SPAD,read,19440.0,/home/cs25m115/Neural_Acc/exp1/stage7c_per_layer_energy/runs/conv3_64pe/scale_sim_output_scale_64pe_energy/action_count.yaml
conv3,64,8x8,systolic_array.PE[35].ifmap_spad,PE_SPAD,write,10368.0,/home/cs25m115/Neural_Acc/exp1/stage7c_per_layer_energy/runs/conv3_64pe/scale_sim_output_scale_64pe_energy/action_count.yaml
conv3,64,8x8,systolic_array.PE[35].ifmap_spad,PE_SPAD,read,19440.0,/home/cs25m115/Neural_Acc/exp1/stage7c_per_layer_energy/runs/conv3_64pe/scale_sim_output_scale_64pe_energy/action_count.yaml
conv3,64,8x8,systolic_array.PE[36].ifmap_spad,PE_SPAD,write,10368.0,/home/cs25m115/Neural_Acc/exp1/stage7c_per_layer_energy/runs/conv3_64pe/scale_sim_output_scale_64pe_energy/action_count.yaml
conv3,64,8x8,systolic_array.PE[36].ifmap_spad,PE_SPAD,read,19440.0,/home/cs25m115/Neural_Acc/exp1/stage7c_per_layer_energy/runs/conv3_64pe/scale_sim_output_scale_64pe_energy/action_count.yaml
conv3,64,8x8,systolic_array.PE[37].ifmap_spad,PE_SPAD,write,10368.0,/home/cs25m115/Neural_Acc/exp1/stage7c_per_layer_energy/runs/conv3_64pe/scale_sim_output_scale_64pe_energy/action_count.yaml
conv3,64,8x8,systolic_array.PE[37].ifmap_spad,PE_SPAD,read,19440.0,/home/cs25m115/Neural_Acc/exp1/stage7c_per_layer_energy/runs/conv3_64pe/scale_sim_output_scale_64pe_energy/action_count.yaml
conv3,64,8x8,systolic_array.PE[38].ifmap_spad,PE_SPAD,write,10368.0,/home/cs25m115/Neural_Acc/exp1/stage7c_per_layer_energy/runs/conv3_64pe/scale_sim_output_scale_64pe_energy/action_count.yaml
conv3,64,8x8,systolic_array.PE[38].ifmap_spad,PE_SPAD,read,19440.0,/home/cs25m115/Neural_Acc/exp1/stage7c_per_layer_energy/runs/conv3_64pe/scale_sim_output_scale_64pe_energy/action_count.yaml
conv3,64,8x8,systolic_array.PE[39].ifmap_spad,PE_SPAD,write,10368.0,/home/cs25m115/Neural_Acc/exp1/stage7c_per_layer_energy/runs/conv3_64pe/scale_sim_output_scale_64pe_energy/action_count.yaml
conv3,64,8x8,systolic_array.PE[39].ifmap_spad,PE_SPAD,read,19440.0,/home/cs25m115/Neural_Acc/exp1/stage7c_per_layer_energy/runs/conv3_64pe/scale_sim_output_scale_64pe_energy/action_count.yaml
conv3,64,8x8,systolic_array.PE[40].ifmap_spad,PE_SPAD,write,10368.0,/home/cs25m115/Neural_Acc/exp1/stage7c_per_layer_energy/runs/conv3_64pe/scale_sim_output_scale_64pe_energy/action_count.yaml
conv3,64,8x8,systolic_array.PE[40].ifmap_spad,PE_SPAD,read,19440.0,/home/cs25m115/Neural_Acc/exp1/stage7c_per_layer_energy/runs/conv3_64pe/scale_sim_output_scale_64pe_energy/action_count.yaml
conv3,64,8x8,systolic_array.PE[41].ifmap_spad,PE_SPAD,write,10368.0,/home/cs25m115/Neural_Acc/exp1/stage7c_per_layer_energy/runs/conv3_64pe/scale_sim_output_scale_64pe_energy/action_count.yaml
conv3,64,8x8,systolic_array.PE[41].ifmap_spad,PE_SPAD,read,19440.0,/home/cs25m115/Neural_Acc/exp1/stage7c_per_layer_energy/runs/conv3_64pe/scale_sim_output_scale_64pe_energy/action_count.yaml
conv3,64,8x8,systolic_array.PE[42].ifmap_spad,PE_SPAD,write,10368.0,/home/cs25m115/Neural_Acc/exp1/stage7c_per_layer_energy/runs/conv3_64pe/scale_sim_output_scale_64pe_energy/action_count.yaml
conv3,64,8x8,systolic_array.PE[42].ifmap_spad,PE_SPAD,read,19440.0,/home/cs25m115/Neural_Acc/exp1/stage7c_per_layer_energy/runs/conv3_64pe/scale_sim_output_scale_64pe_energy/action_count.yaml
conv3,64,8x8,systolic_array.PE[43].ifmap_spad,PE_SPAD,write,10368.0,/home/cs25m115/Neural_Acc/exp1/stage7c_per_layer_energy/runs/conv3_64pe/scale_sim_output_scale_64pe_energy/action_count.yaml
conv3,64,8x8,systolic_array.PE[43].ifmap_spad,PE_SPAD,read,19440.0,/home/cs25m115/Neural_Acc/exp1/stage7c_per_layer_energy/runs/conv3_64pe/scale_sim_output_scale_64pe_energy/action_count.yaml
conv3,64,8x8,systolic_array.PE[44].ifmap_spad,PE_SPAD,write,10368.0,/home/cs25m115/Neural_Acc/exp1/stage7c_per_layer_energy/runs/conv3_64pe/scale_sim_output_scale_64pe_energy/action_count.yaml
conv3,64,8x8,systolic_array.PE[44].ifmap_spad,PE_SPAD,read,19440.0,/home/cs25m115/Neural_Acc/exp1/stage7c_per_layer_energy/runs/conv3_64pe/scale_sim_output_scale_64pe_energy/action_count.yaml
conv3,64,8x8,systolic_array.PE[45].ifmap_spad,PE_SPAD,write,10368.0,/home/cs25m115/Neural_Acc/exp1/stage7c_per_layer_energy/runs/conv3_64pe/scale_sim_output_scale_64pe_energy/action_count.yaml
conv3,64,8x8,systolic_array.PE[45].ifmap_spad,PE_SPAD,read,19440.0,/home/cs25m115/Neural_Acc/exp1/stage7c_per_layer_energy/runs/conv3_64pe/scale_sim_output_scale_64pe_energy/action_count.yaml
conv3,64,8x8,systolic_array.PE[46].ifmap_spad,PE_SPAD,write,10368.0,/home/cs25m115/Neural_Acc/exp1/stage7c_per_layer_energy/runs/conv3_64pe/scale_sim_output_scale_64pe_energy/action_count.yaml
conv3,64,8x8,systolic_array.PE[46].ifmap_spad,PE_SPAD,read,19440.0,/home/cs25m115/Neural_Acc/exp1/stage7c_per_layer_energy/runs/conv3_64pe/scale_sim_output_scale_64pe_energy/action_count.yaml
conv3,64,8x8,systolic_array.PE[47].ifmap_spad,PE_SPAD,write,10368.0,/home/cs25m115/Neural_Acc/exp1/stage7c_per_layer_energy/runs/conv3_64pe/scale_sim_output_scale_64pe_energy/action_count.yaml
conv3,64,8x8,systolic_array.PE[47].ifmap_spad,PE_SPAD,read,19440.0,/home/cs25m115/Neural_Acc/exp1/stage7c_per_layer_energy/runs/conv3_64pe/scale_sim_output_scale_64pe_energy/action_count.yaml
conv3,64,8x8,systolic_array.PE[48].ifmap_spad,PE_SPAD,write,10368.0,/home/cs25m115/Neural_Acc/exp1/stage7c_per_layer_energy/runs/conv3_64pe/scale_sim_output_scale_64pe_energy/action_count.yaml
conv3,64,8x8,systolic_array.PE[48].ifmap_spad,PE_SPAD,read,19440.0,/home/cs25m115/Neural_Acc/exp1/stage7c_per_layer_energy/runs/conv3_64pe/scale_sim_output_scale_64pe_energy/action_count.yaml
conv3,64,8x8,systolic_array.PE[49].ifmap_spad,PE_SPAD,write,10368.0,/home/cs25m115/Neural_Acc/exp1/stage7c_per_layer_energy/runs/conv3_64pe/scale_sim_output_scale_64pe_energy/action_count.yaml
conv3,64,8x8,systolic_array.PE[49].ifmap_spad,PE_SPAD,read,19440.0,/home/cs25m115/Neural_Acc/exp1/stage7c_per_layer_energy/runs/conv3_64pe/scale_sim_output_scale_64pe_energy/action_count.yaml
conv3,64,8x8,systolic_array.PE[50].ifmap_spad,PE_SPAD,write,10368.0,/home/cs25m115/Neural_Acc/exp1/stage7c_per_layer_energy/runs/conv3_64pe/scale_sim_output_scale_64pe_energy/action_count.yaml
conv3,64,8x8,systolic_array.PE[50].ifmap_spad,PE_SPAD,read,19440.0,/home/cs25m115/Neural_Acc/exp1/stage7c_per_layer_energy/runs/conv3_64pe/scale_sim_output_scale_64pe_energy/action_count.yaml
conv3,64,8x8,systolic_array.PE[51].ifmap_spad,PE_SPAD,write,10368.0,/home/cs25m115/Neural_Acc/exp1/stage7c_per_layer_energy/runs/conv3_64pe/scale_sim_output_scale_64pe_energy/action_count.yaml
conv3,64,8x8,systolic_array.PE[51].ifmap_spad,PE_SPAD,read,19440.0,/home/cs25m115/Neural_Acc/exp1/stage7c_per_layer_energy/runs/conv3_64pe/scale_sim_output_scale_64pe_energy/action_count.yaml
conv3,64,8x8,systolic_array.PE[52].ifmap_spad,PE_SPAD,write,10368.0,/home/cs25m115/Neural_Acc/exp1/stage7c_per_layer_energy/runs/conv3_64pe/scale_sim_output_scale_64pe_energy/action_count.yaml
conv3,64,8x8,systolic_array.PE[52].ifmap_spad,PE_SPAD,read,19440.0,/home/cs25m115/Neural_Acc/exp1/stage7c_per_layer_energy/runs/conv3_64pe/scale_sim_output_scale_64pe_energy/action_count.yaml
conv3,64,8x8,systolic_array.PE[53].ifmap_spad,PE_SPAD,write,10368.0,/home/cs25m115/Neural_Acc/exp1/stage7c_per_layer_energy/runs/conv3_64pe/scale_sim_output_scale_64pe_energy/action_count.yaml
conv3,64,8x8,systolic_array.PE[53].ifmap_spad,PE_SPAD,read,19440.0,/home/cs25m115/Neural_Acc/exp1/stage7c_per_layer_energy/runs/conv3_64pe/scale_sim_output_scale_64pe_energy/action_count.yaml
conv3,64,8x8,systolic_array.PE[54].ifmap_spad,PE_SPAD,write,10368.0,/home/cs25m115/Neural_Acc/exp1/stage7c_per_layer_energy/runs/conv3_64pe/scale_sim_output_scale_64pe_energy/action_count.yaml
conv3,64,8x8,systolic_array.PE[54].ifmap_spad,PE_SPAD,read,19440.0,/home/cs25m115/Neural_Acc/exp1/stage7c_per_layer_energy/runs/conv3_64pe/scale_sim_output_scale_64pe_energy/action_count.yaml
conv3,64,8x8,systolic_array.PE[55].ifmap_spad,PE_SPAD,write,10368.0,/home/cs25m115/Neural_Acc/exp1/stage7c_per_layer_energy/runs/conv3_64pe/scale_sim_output_scale_64pe_energy/action_count.yaml
conv3,64,8x8,systolic_array.PE[55].ifmap_spad,PE_SPAD,read,19440.0,/home/cs25m115/Neural_Acc/exp1/stage7c_per_layer_energy/runs/conv3_64pe/scale_sim_output_scale_64pe_energy/action_count.yaml
conv3,64,8x8,systolic_array.PE[56].ifmap_spad,PE_SPAD,write,10368.0,/home/cs25m115/Neural_Acc/exp1/stage7c_per_layer_energy/runs/conv3_64pe/scale_sim_output_scale_64pe_energy/action_count.yaml
conv3,64,8x8,systolic_array.PE[56].ifmap_spad,PE_SPAD,read,19440.0,/home/cs25m115/Neural_Acc/exp1/stage7c_per_layer_energy/runs/conv3_64pe/scale_sim_output_scale_64pe_energy/action_count.yaml
conv3,64,8x8,systolic_array.PE[57].ifmap_spad,PE_SPAD,write,10368.0,/home/cs25m115/Neural_Acc/exp1/stage7c_per_layer_energy/runs/conv3_64pe/scale_sim_output_scale_64pe_energy/action_count.yaml
conv3,64,8x8,systolic_array.PE[57].ifmap_spad,PE_SPAD,read,19440.0,/home/cs25m115/Neural_Acc/exp1/stage7c_per_layer_energy/runs/conv3_64pe/scale_sim_output_scale_64pe_energy/action_count.yaml
conv3,64,8x8,systolic_array.PE[58].ifmap_spad,PE_SPAD,write,10368.0,/home/cs25m115/Neural_Acc/exp1/stage7c_per_layer_energy/runs/conv3_64pe/scale_sim_output_scale_64pe_energy/action_count.yaml
conv3,64,8x8,systolic_array.PE[58].ifmap_spad,PE_SPAD,read,19440.0,/home/cs25m115/Neural_Acc/exp1/stage7c_per_layer_energy/runs/conv3_64pe/scale_sim_output_scale_64pe_energy/action_count.yaml
conv3,64,8x8,systolic_array.PE[59].ifmap_spad,PE_SPAD,write,10368.0,/home/cs25m115/Neural_Acc/exp1/stage7c_per_layer_energy/runs/conv3_64pe/scale_sim_output_scale_64pe_energy/action_count.yaml
conv3,64,8x8,systolic_array.PE[59].ifmap_spad,PE_SPAD,read,19440.0,/home/cs25m115/Neural_Acc/exp1/stage7c_per_layer_energy/runs/conv3_64pe/scale_sim_output_scale_64pe_energy/action_count.yaml
conv3,64,8x8,systolic_array.PE[60].ifmap_spad,PE_SPAD,write,10368.0,/home/cs25m115/Neural_Acc/exp1/stage7c_per_layer_energy/runs/conv3_64pe/scale_sim_output_scale_64pe_energy/action_count.yaml
conv3,64,8x8,systolic_array.PE[60].ifmap_spad,PE_SPAD,read,19440.0,/home/cs25m115/Neural_Acc/exp1/stage7c_per_layer_energy/runs/conv3_64pe/scale_sim_output_scale_64pe_energy/action_count.yaml
conv3,64,8x8,systolic_array.PE[61].ifmap_spad,PE_SPAD,write,10368.0,/home/cs25m115/Neural_Acc/exp1/stage7c_per_layer_energy/runs/conv3_64pe/scale_sim_output_scale_64pe_energy/action_count.yaml
conv3,64,8x8,systolic_array.PE[61].ifmap_spad,PE_SPAD,read,19440.0,/home/cs25m115/Neural_Acc/exp1/stage7c_per_layer_energy/runs/conv3_64pe/scale_sim_output_scale_64pe_energy/action_count.yaml
conv3,64,8x8,systolic_array.PE[62].ifmap_spad,PE_SPAD,write,10368.0,/home/cs25m115/Neural_Acc/exp1/stage7c_per_layer_energy/runs/conv3_64pe/scale_sim_output_scale_64pe_energy/action_count.yaml
conv3,64,8x8,systolic_array.PE[62].ifmap_spad,PE_SPAD,read,19440.0,/home/cs25m115/Neural_Acc/exp1/stage7c_per_layer_energy/runs/conv3_64pe/scale_sim_output_scale_64pe_energy/action_count.yaml
conv3,64,8x8,systolic_array.PE[63].ifmap_spad,PE_SPAD,write,10368.0,/home/cs25m115/Neural_Acc/exp1/stage7c_per_layer_energy/runs/conv3_64pe/scale_sim_output_scale_64pe_energy/action_count.yaml
conv3,64,8x8,systolic_array.PE[63].ifmap_spad,PE_SPAD,read,19440.0,/home/cs25m115/Neural_Acc/exp1/stage7c_per_layer_energy/runs/conv3_64pe/scale_sim_output_scale_64pe_energy/action_count.yaml
conv3,64,8x8,systolic_array.PE[0].psum_spad,PE_SPAD,write,10368.0,/home/cs25m115/Neural_Acc/exp1/stage7c_per_layer_energy/runs/conv3_64pe/scale_sim_output_scale_64pe_energy/action_count.yaml
conv3,64,8x8,systolic_array.PE[0].psum_spad,PE_SPAD,read,9072.0,/home/cs25m115/Neural_Acc/exp1/stage7c_per_layer_energy/runs/conv3_64pe/scale_sim_output_scale_64pe_energy/action_count.yaml
conv3,64,8x8,systolic_array.PE[1].psum_spad,PE_SPAD,write,10368.0,/home/cs25m115/Neural_Acc/exp1/stage7c_per_layer_energy/runs/conv3_64pe/scale_sim_output_scale_64pe_energy/action_count.yaml
conv3,64,8x8,systolic_array.PE[1].psum_spad,PE_SPAD,read,9072.0,/home/cs25m115/Neural_Acc/exp1/stage7c_per_layer_energy/runs/conv3_64pe/scale_sim_output_scale_64pe_energy/action_count.yaml
conv3,64,8x8,systolic_array.PE[2].psum_spad,PE_SPAD,write,10368.0,/home/cs25m115/Neural_Acc/exp1/stage7c_per_layer_energy/runs/conv3_64pe/scale_sim_output_scale_64pe_energy/action_count.yaml
conv3,64,8x8,systolic_array.PE[2].psum_spad,PE_SPAD,read,9072.0,/home/cs25m115/Neural_Acc/exp1/stage7c_per_layer_energy/runs/conv3_64pe/scale_sim_output_scale_64pe_energy/action_count.yaml
conv3,64,8x8,systolic_array.PE[3].psum_spad,PE_SPAD,write,10368.0,/home/cs25m115/Neural_Acc/exp1/stage7c_per_layer_energy/runs/conv3_64pe/scale_sim_output_scale_64pe_energy/action_count.yaml
conv3,64,8x8,systolic_array.PE[3].psum_spad,PE_SPAD,read,9072.0,/home/cs25m115/Neural_Acc/exp1/stage7c_per_layer_energy/runs/conv3_64pe/scale_sim_output_scale_64pe_energy/action_count.yaml
conv3,64,8x8,systolic_array.PE[4].psum_spad,PE_SPAD,write,10368.0,/home/cs25m115/Neural_Acc/exp1/stage7c_per_layer_energy/runs/conv3_64pe/scale_sim_output_scale_64pe_energy/action_count.yaml
conv3,64,8x8,systolic_array.PE[4].psum_spad,PE_SPAD,read,9072.0,/home/cs25m115/Neural_Acc/exp1/stage7c_per_layer_energy/runs/conv3_64pe/scale_sim_output_scale_64pe_energy/action_count.yaml
conv3,64,8x8,systolic_array.PE[5].psum_spad,PE_SPAD,write,10368.0,/home/cs25m115/Neural_Acc/exp1/stage7c_per_layer_energy/runs/conv3_64pe/scale_sim_output_scale_64pe_energy/action_count.yaml
conv3,64,8x8,systolic_array.PE[5].psum_spad,PE_SPAD,read,9072.0,/home/cs25m115/Neural_Acc/exp1/stage7c_per_layer_energy/runs/conv3_64pe/scale_sim_output_scale_64pe_energy/action_count.yaml
conv3,64,8x8,systolic_array.PE[6].psum_spad,PE_SPAD,write,10368.0,/home/cs25m115/Neural_Acc/exp1/stage7c_per_layer_energy/runs/conv3_64pe/scale_sim_output_scale_64pe_energy/action_count.yaml
conv3,64,8x8,systolic_array.PE[6].psum_spad,PE_SPAD,read,9072.0,/home/cs25m115/Neural_Acc/exp1/stage7c_per_layer_energy/runs/conv3_64pe/scale_sim_output_scale_64pe_energy/action_count.yaml
conv3,64,8x8,systolic_array.PE[7].psum_spad,PE_SPAD,write,10368.0,/home/cs25m115/Neural_Acc/exp1/stage7c_per_layer_energy/runs/conv3_64pe/scale_sim_output_scale_64pe_energy/action_count.yaml
conv3,64,8x8,systolic_array.PE[7].psum_spad,PE_SPAD,read,9072.0,/home/cs25m115/Neural_Acc/exp1/stage7c_per_layer_energy/runs/conv3_64pe/scale_sim_output_scale_64pe_energy/action_count.yaml
conv3,64,8x8,systolic_array.PE[8].psum_spad,PE_SPAD,write,10368.0,/home/cs25m115/Neural_Acc/exp1/stage7c_per_layer_energy/runs/conv3_64pe/scale_sim_output_scale_64pe_energy/action_count.yaml
conv3,64,8x8,systolic_array.PE[8].psum_spad,PE_SPAD,read,9072.0,/home/cs25m115/Neural_Acc/exp1/stage7c_per_layer_energy/runs/conv3_64pe/scale_sim_output_scale_64pe_energy/action_count.yaml
conv3,64,8x8,systolic_array.PE[9].psum_spad,PE_SPAD,write,10368.0,/home/cs25m115/Neural_Acc/exp1/stage7c_per_layer_energy/runs/conv3_64pe/scale_sim_output_scale_64pe_energy/action_count.yaml
conv3,64,8x8,systolic_array.PE[9].psum_spad,PE_SPAD,read,9072.0,/home/cs25m115/Neural_Acc/exp1/stage7c_per_layer_energy/runs/conv3_64pe/scale_sim_output_scale_64pe_energy/action_count.yaml
conv3,64,8x8,systolic_array.PE[10].psum_spad,PE_SPAD,write,10368.0,/home/cs25m115/Neural_Acc/exp1/stage7c_per_layer_energy/runs/conv3_64pe/scale_sim_output_scale_64pe_energy/action_count.yaml
conv3,64,8x8,systolic_array.PE[10].psum_spad,PE_SPAD,read,9072.0,/home/cs25m115/Neural_Acc/exp1/stage7c_per_layer_energy/runs/conv3_64pe/scale_sim_output_scale_64pe_energy/action_count.yaml
conv3,64,8x8,systolic_array.PE[11].psum_spad,PE_SPAD,write,10368.0,/home/cs25m115/Neural_Acc/exp1/stage7c_per_layer_energy/runs/conv3_64pe/scale_sim_output_scale_64pe_energy/action_count.yaml
conv3,64,8x8,systolic_array.PE[11].psum_spad,PE_SPAD,read,9072.0,/home/cs25m115/Neural_Acc/exp1/stage7c_per_layer_energy/runs/conv3_64pe/scale_sim_output_scale_64pe_energy/action_count.yaml
conv3,64,8x8,systolic_array.PE[12].psum_spad,PE_SPAD,write,10368.0,/home/cs25m115/Neural_Acc/exp1/stage7c_per_layer_energy/runs/conv3_64pe/scale_sim_output_scale_64pe_energy/action_count.yaml
conv3,64,8x8,systolic_array.PE[12].psum_spad,PE_SPAD,read,9072.0,/home/cs25m115/Neural_Acc/exp1/stage7c_per_layer_energy/runs/conv3_64pe/scale_sim_output_scale_64pe_energy/action_count.yaml
conv3,64,8x8,systolic_array.PE[13].psum_spad,PE_SPAD,write,10368.0,/home/cs25m115/Neural_Acc/exp1/stage7c_per_layer_energy/runs/conv3_64pe/scale_sim_output_scale_64pe_energy/action_count.yaml
conv3,64,8x8,systolic_array.PE[13].psum_spad,PE_SPAD,read,9072.0,/home/cs25m115/Neural_Acc/exp1/stage7c_per_layer_energy/runs/conv3_64pe/scale_sim_output_scale_64pe_energy/action_count.yaml
conv3,64,8x8,systolic_array.PE[14].psum_spad,PE_SPAD,write,10368.0,/home/cs25m115/Neural_Acc/exp1/stage7c_per_layer_energy/runs/conv3_64pe/scale_sim_output_scale_64pe_energy/action_count.yaml
conv3,64,8x8,systolic_array.PE[14].psum_spad,PE_SPAD,read,9072.0,/home/cs25m115/Neural_Acc/exp1/stage7c_per_layer_energy/runs/conv3_64pe/scale_sim_output_scale_64pe_energy/action_count.yaml
conv3,64,8x8,systolic_array.PE[15].psum_spad,PE_SPAD,write,10368.0,/home/cs25m115/Neural_Acc/exp1/stage7c_per_layer_energy/runs/conv3_64pe/scale_sim_output_scale_64pe_energy/action_count.yaml
conv3,64,8x8,systolic_array.PE[15].psum_spad,PE_SPAD,read,9072.0,/home/cs25m115/Neural_Acc/exp1/stage7c_per_layer_energy/runs/conv3_64pe/scale_sim_output_scale_64pe_energy/action_count.yaml
conv3,64,8x8,systolic_array.PE[16].psum_spad,PE_SPAD,write,10368.0,/home/cs25m115/Neural_Acc/exp1/stage7c_per_layer_energy/runs/conv3_64pe/scale_sim_output_scale_64pe_energy/action_count.yaml
conv3,64,8x8,systolic_array.PE[16].psum_spad,PE_SPAD,read,9072.0,/home/cs25m115/Neural_Acc/exp1/stage7c_per_layer_energy/runs/conv3_64pe/scale_sim_output_scale_64pe_energy/action_count.yaml
conv3,64,8x8,systolic_array.PE[17].psum_spad,PE_SPAD,write,10368.0,/home/cs25m115/Neural_Acc/exp1/stage7c_per_layer_energy/runs/conv3_64pe/scale_sim_output_scale_64pe_energy/action_count.yaml
conv3,64,8x8,systolic_array.PE[17].psum_spad,PE_SPAD,read,9072.0,/home/cs25m115/Neural_Acc/exp1/stage7c_per_layer_energy/runs/conv3_64pe/scale_sim_output_scale_64pe_energy/action_count.yaml
conv3,64,8x8,systolic_array.PE[18].psum_spad,PE_SPAD,write,10368.0,/home/cs25m115/Neural_Acc/exp1/stage7c_per_layer_energy/runs/conv3_64pe/scale_sim_output_scale_64pe_energy/action_count.yaml
conv3,64,8x8,systolic_array.PE[18].psum_spad,PE_SPAD,read,9072.0,/home/cs25m115/Neural_Acc/exp1/stage7c_per_layer_energy/runs/conv3_64pe/scale_sim_output_scale_64pe_energy/action_count.yaml
conv3,64,8x8,systolic_array.PE[19].psum_spad,PE_SPAD,write,10368.0,/home/cs25m115/Neural_Acc/exp1/stage7c_per_layer_energy/runs/conv3_64pe/scale_sim_output_scale_64pe_energy/action_count.yaml
conv3,64,8x8,systolic_array.PE[19].psum_spad,PE_SPAD,read,9072.0,/home/cs25m115/Neural_Acc/exp1/stage7c_per_layer_energy/runs/conv3_64pe/scale_sim_output_scale_64pe_energy/action_count.yaml
conv3,64,8x8,systolic_array.PE[20].psum_spad,PE_SPAD,write,10368.0,/home/cs25m115/Neural_Acc/exp1/stage7c_per_layer_energy/runs/conv3_64pe/scale_sim_output_scale_64pe_energy/action_count.yaml
conv3,64,8x8,systolic_array.PE[20].psum_spad,PE_SPAD,read,9072.0,/home/cs25m115/Neural_Acc/exp1/stage7c_per_layer_energy/runs/conv3_64pe/scale_sim_output_scale_64pe_energy/action_count.yaml
conv3,64,8x8,systolic_array.PE[21].psum_spad,PE_SPAD,write,10368.0,/home/cs25m115/Neural_Acc/exp1/stage7c_per_layer_energy/runs/conv3_64pe/scale_sim_output_scale_64pe_energy/action_count.yaml
conv3,64,8x8,systolic_array.PE[21].psum_spad,PE_SPAD,read,9072.0,/home/cs25m115/Neural_Acc/exp1/stage7c_per_layer_energy/runs/conv3_64pe/scale_sim_output_scale_64pe_energy/action_count.yaml
conv3,64,8x8,systolic_array.PE[22].psum_spad,PE_SPAD,write,10368.0,/home/cs25m115/Neural_Acc/exp1/stage7c_per_layer_energy/runs/conv3_64pe/scale_sim_output_scale_64pe_energy/action_count.yaml
conv3,64,8x8,systolic_array.PE[22].psum_spad,PE_SPAD,read,9072.0,/home/cs25m115/Neural_Acc/exp1/stage7c_per_layer_energy/runs/conv3_64pe/scale_sim_output_scale_64pe_energy/action_count.yaml
conv3,64,8x8,systolic_array.PE[23].psum_spad,PE_SPAD,write,10368.0,/home/cs25m115/Neural_Acc/exp1/stage7c_per_layer_energy/runs/conv3_64pe/scale_sim_output_scale_64pe_energy/action_count.yaml
conv3,64,8x8,systolic_array.PE[23].psum_spad,PE_SPAD,read,9072.0,/home/cs25m115/Neural_Acc/exp1/stage7c_per_layer_energy/runs/conv3_64pe/scale_sim_output_scale_64pe_energy/action_count.yaml
conv3,64,8x8,systolic_array.PE[24].psum_spad,PE_SPAD,write,10368.0,/home/cs25m115/Neural_Acc/exp1/stage7c_per_layer_energy/runs/conv3_64pe/scale_sim_output_scale_64pe_energy/action_count.yaml
conv3,64,8x8,systolic_array.PE[24].psum_spad,PE_SPAD,read,9072.0,/home/cs25m115/Neural_Acc/exp1/stage7c_per_layer_energy/runs/conv3_64pe/scale_sim_output_scale_64pe_energy/action_count.yaml
conv3,64,8x8,systolic_array.PE[25].psum_spad,PE_SPAD,write,10368.0,/home/cs25m115/Neural_Acc/exp1/stage7c_per_layer_energy/runs/conv3_64pe/scale_sim_output_scale_64pe_energy/action_count.yaml
conv3,64,8x8,systolic_array.PE[25].psum_spad,PE_SPAD,read,9072.0,/home/cs25m115/Neural_Acc/exp1/stage7c_per_layer_energy/runs/conv3_64pe/scale_sim_output_scale_64pe_energy/action_count.yaml
conv3,64,8x8,systolic_array.PE[26].psum_spad,PE_SPAD,write,10368.0,/home/cs25m115/Neural_Acc/exp1/stage7c_per_layer_energy/runs/conv3_64pe/scale_sim_output_scale_64pe_energy/action_count.yaml
conv3,64,8x8,systolic_array.PE[26].psum_spad,PE_SPAD,read,9072.0,/home/cs25m115/Neural_Acc/exp1/stage7c_per_layer_energy/runs/conv3_64pe/scale_sim_output_scale_64pe_energy/action_count.yaml
conv3,64,8x8,systolic_array.PE[27].psum_spad,PE_SPAD,write,10368.0,/home/cs25m115/Neural_Acc/exp1/stage7c_per_layer_energy/runs/conv3_64pe/scale_sim_output_scale_64pe_energy/action_count.yaml
conv3,64,8x8,systolic_array.PE[27].psum_spad,PE_SPAD,read,9072.0,/home/cs25m115/Neural_Acc/exp1/stage7c_per_layer_energy/runs/conv3_64pe/scale_sim_output_scale_64pe_energy/action_count.yaml
conv3,64,8x8,systolic_array.PE[28].psum_spad,PE_SPAD,write,10368.0,/home/cs25m115/Neural_Acc/exp1/stage7c_per_layer_energy/runs/conv3_64pe/scale_sim_output_scale_64pe_energy/action_count.yaml
conv3,64,8x8,systolic_array.PE[28].psum_spad,PE_SPAD,read,9072.0,/home/cs25m115/Neural_Acc/exp1/stage7c_per_layer_energy/runs/conv3_64pe/scale_sim_output_scale_64pe_energy/action_count.yaml
conv3,64,8x8,systolic_array.PE[29].psum_spad,PE_SPAD,write,10368.0,/home/cs25m115/Neural_Acc/exp1/stage7c_per_layer_energy/runs/conv3_64pe/scale_sim_output_scale_64pe_energy/action_count.yaml
conv3,64,8x8,systolic_array.PE[29].psum_spad,PE_SPAD,read,9072.0,/home/cs25m115/Neural_Acc/exp1/stage7c_per_layer_energy/runs/conv3_64pe/scale_sim_output_scale_64pe_energy/action_count.yaml
conv3,64,8x8,systolic_array.PE[30].psum_spad,PE_SPAD,write,10368.0,/home/cs25m115/Neural_Acc/exp1/stage7c_per_layer_energy/runs/conv3_64pe/scale_sim_output_scale_64pe_energy/action_count.yaml
conv3,64,8x8,systolic_array.PE[30].psum_spad,PE_SPAD,read,9072.0,/home/cs25m115/Neural_Acc/exp1/stage7c_per_layer_energy/runs/conv3_64pe/scale_sim_output_scale_64pe_energy/action_count.yaml
conv3,64,8x8,systolic_array.PE[31].psum_spad,PE_SPAD,write,10368.0,/home/cs25m115/Neural_Acc/exp1/stage7c_per_layer_energy/runs/conv3_64pe/scale_sim_output_scale_64pe_energy/action_count.yaml
conv3,64,8x8,systolic_array.PE[31].psum_spad,PE_SPAD,read,9072.0,/home/cs25m115/Neural_Acc/exp1/stage7c_per_layer_energy/runs/conv3_64pe/scale_sim_output_scale_64pe_energy/action_count.yaml
conv3,64,8x8,systolic_array.PE[32].psum_spad,PE_SPAD,write,10368.0,/home/cs25m115/Neural_Acc/exp1/stage7c_per_layer_energy/runs/conv3_64pe/scale_sim_output_scale_64pe_energy/action_count.yaml
conv3,64,8x8,systolic_array.PE[32].psum_spad,PE_SPAD,read,9072.0,/home/cs25m115/Neural_Acc/exp1/stage7c_per_layer_energy/runs/conv3_64pe/scale_sim_output_scale_64pe_energy/action_count.yaml
conv3,64,8x8,systolic_array.PE[33].psum_spad,PE_SPAD,write,10368.0,/home/cs25m115/Neural_Acc/exp1/stage7c_per_layer_energy/runs/conv3_64pe/scale_sim_output_scale_64pe_energy/action_count.yaml
conv3,64,8x8,systolic_array.PE[33].psum_spad,PE_SPAD,read,9072.0,/home/cs25m115/Neural_Acc/exp1/stage7c_per_layer_energy/runs/conv3_64pe/scale_sim_output_scale_64pe_energy/action_count.yaml
conv3,64,8x8,systolic_array.PE[34].psum_spad,PE_SPAD,write,10368.0,/home/cs25m115/Neural_Acc/exp1/stage7c_per_layer_energy/runs/conv3_64pe/scale_sim_output_scale_64pe_energy/action_count.yaml
conv3,64,8x8,systolic_array.PE[34].psum_spad,PE_SPAD,read,9072.0,/home/cs25m115/Neural_Acc/exp1/stage7c_per_layer_energy/runs/conv3_64pe/scale_sim_output_scale_64pe_energy/action_count.yaml
conv3,64,8x8,systolic_array.PE[35].psum_spad,PE_SPAD,write,10368.0,/home/cs25m115/Neural_Acc/exp1/stage7c_per_layer_energy/runs/conv3_64pe/scale_sim_output_scale_64pe_energy/action_count.yaml
conv3,64,8x8,systolic_array.PE[35].psum_spad,PE_SPAD,read,9072.0,/home/cs25m115/Neural_Acc/exp1/stage7c_per_layer_energy/runs/conv3_64pe/scale_sim_output_scale_64pe_energy/action_count.yaml
conv3,64,8x8,systolic_array.PE[36].psum_spad,PE_SPAD,write,10368.0,/home/cs25m115/Neural_Acc/exp1/stage7c_per_layer_energy/runs/conv3_64pe/scale_sim_output_scale_64pe_energy/action_count.yaml
conv3,64,8x8,systolic_array.PE[36].psum_spad,PE_SPAD,read,9072.0,/home/cs25m115/Neural_Acc/exp1/stage7c_per_layer_energy/runs/conv3_64pe/scale_sim_output_scale_64pe_energy/action_count.yaml
conv3,64,8x8,systolic_array.PE[37].psum_spad,PE_SPAD,write,10368.0,/home/cs25m115/Neural_Acc/exp1/stage7c_per_layer_energy/runs/conv3_64pe/scale_sim_output_scale_64pe_energy/action_count.yaml
conv3,64,8x8,systolic_array.PE[37].psum_spad,PE_SPAD,read,9072.0,/home/cs25m115/Neural_Acc/exp1/stage7c_per_layer_energy/runs/conv3_64pe/scale_sim_output_scale_64pe_energy/action_count.yaml
conv3,64,8x8,systolic_array.PE[38].psum_spad,PE_SPAD,write,10368.0,/home/cs25m115/Neural_Acc/exp1/stage7c_per_layer_energy/runs/conv3_64pe/scale_sim_output_scale_64pe_energy/action_count.yaml
conv3,64,8x8,systolic_array.PE[38].psum_spad,PE_SPAD,read,9072.0,/home/cs25m115/Neural_Acc/exp1/stage7c_per_layer_energy/runs/conv3_64pe/scale_sim_output_scale_64pe_energy/action_count.yaml
conv3,64,8x8,systolic_array.PE[39].psum_spad,PE_SPAD,write,10368.0,/home/cs25m115/Neural_Acc/exp1/stage7c_per_layer_energy/runs/conv3_64pe/scale_sim_output_scale_64pe_energy/action_count.yaml
conv3,64,8x8,systolic_array.PE[39].psum_spad,PE_SPAD,read,9072.0,/home/cs25m115/Neural_Acc/exp1/stage7c_per_layer_energy/runs/conv3_64pe/scale_sim_output_scale_64pe_energy/action_count.yaml
conv3,64,8x8,systolic_array.PE[40].psum_spad,PE_SPAD,write,10368.0,/home/cs25m115/Neural_Acc/exp1/stage7c_per_layer_energy/runs/conv3_64pe/scale_sim_output_scale_64pe_energy/action_count.yaml
conv3,64,8x8,systolic_array.PE[40].psum_spad,PE_SPAD,read,9072.0,/home/cs25m115/Neural_Acc/exp1/stage7c_per_layer_energy/runs/conv3_64pe/scale_sim_output_scale_64pe_energy/action_count.yaml
conv3,64,8x8,systolic_array.PE[41].psum_spad,PE_SPAD,write,10368.0,/home/cs25m115/Neural_Acc/exp1/stage7c_per_layer_energy/runs/conv3_64pe/scale_sim_output_scale_64pe_energy/action_count.yaml
conv3,64,8x8,systolic_array.PE[41].psum_spad,PE_SPAD,read,9072.0,/home/cs25m115/Neural_Acc/exp1/stage7c_per_layer_energy/runs/conv3_64pe/scale_sim_output_scale_64pe_energy/action_count.yaml
conv3,64,8x8,systolic_array.PE[42].psum_spad,PE_SPAD,write,10368.0,/home/cs25m115/Neural_Acc/exp1/stage7c_per_layer_energy/runs/conv3_64pe/scale_sim_output_scale_64pe_energy/action_count.yaml
conv3,64,8x8,systolic_array.PE[42].psum_spad,PE_SPAD,read,9072.0,/home/cs25m115/Neural_Acc/exp1/stage7c_per_layer_energy/runs/conv3_64pe/scale_sim_output_scale_64pe_energy/action_count.yaml
conv3,64,8x8,systolic_array.PE[43].psum_spad,PE_SPAD,write,10368.0,/home/cs25m115/Neural_Acc/exp1/stage7c_per_layer_energy/runs/conv3_64pe/scale_sim_output_scale_64pe_energy/action_count.yaml
conv3,64,8x8,systolic_array.PE[43].psum_spad,PE_SPAD,read,9072.0,/home/cs25m115/Neural_Acc/exp1/stage7c_per_layer_energy/runs/conv3_64pe/scale_sim_output_scale_64pe_energy/action_count.yaml
conv3,64,8x8,systolic_array.PE[44].psum_spad,PE_SPAD,write,10368.0,/home/cs25m115/Neural_Acc/exp1/stage7c_per_layer_energy/runs/conv3_64pe/scale_sim_output_scale_64pe_energy/action_count.yaml
conv3,64,8x8,systolic_array.PE[44].psum_spad,PE_SPAD,read,9072.0,/home/cs25m115/Neural_Acc/exp1/stage7c_per_layer_energy/runs/conv3_64pe/scale_sim_output_scale_64pe_energy/action_count.yaml
conv3,64,8x8,systolic_array.PE[45].psum_spad,PE_SPAD,write,10368.0,/home/cs25m115/Neural_Acc/exp1/stage7c_per_layer_energy/runs/conv3_64pe/scale_sim_output_scale_64pe_energy/action_count.yaml
conv3,64,8x8,systolic_array.PE[45].psum_spad,PE_SPAD,read,9072.0,/home/cs25m115/Neural_Acc/exp1/stage7c_per_layer_energy/runs/conv3_64pe/scale_sim_output_scale_64pe_energy/action_count.yaml
conv3,64,8x8,systolic_array.PE[46].psum_spad,PE_SPAD,write,10368.0,/home/cs25m115/Neural_Acc/exp1/stage7c_per_layer_energy/runs/conv3_64pe/scale_sim_output_scale_64pe_energy/action_count.yaml
conv3,64,8x8,systolic_array.PE[46].psum_spad,PE_SPAD,read,9072.0,/home/cs25m115/Neural_Acc/exp1/stage7c_per_layer_energy/runs/conv3_64pe/scale_sim_output_scale_64pe_energy/action_count.yaml
conv3,64,8x8,systolic_array.PE[47].psum_spad,PE_SPAD,write,10368.0,/home/cs25m115/Neural_Acc/exp1/stage7c_per_layer_energy/runs/conv3_64pe/scale_sim_output_scale_64pe_energy/action_count.yaml
conv3,64,8x8,systolic_array.PE[47].psum_spad,PE_SPAD,read,9072.0,/home/cs25m115/Neural_Acc/exp1/stage7c_per_layer_energy/runs/conv3_64pe/scale_sim_output_scale_64pe_energy/action_count.yaml
conv3,64,8x8,systolic_array.PE[48].psum_spad,PE_SPAD,write,10368.0,/home/cs25m115/Neural_Acc/exp1/stage7c_per_layer_energy/runs/conv3_64pe/scale_sim_output_scale_64pe_energy/action_count.yaml
conv3,64,8x8,systolic_array.PE[48].psum_spad,PE_SPAD,read,9072.0,/home/cs25m115/Neural_Acc/exp1/stage7c_per_layer_energy/runs/conv3_64pe/scale_sim_output_scale_64pe_energy/action_count.yaml
conv3,64,8x8,systolic_array.PE[49].psum_spad,PE_SPAD,write,10368.0,/home/cs25m115/Neural_Acc/exp1/stage7c_per_layer_energy/runs/conv3_64pe/scale_sim_output_scale_64pe_energy/action_count.yaml
conv3,64,8x8,systolic_array.PE[49].psum_spad,PE_SPAD,read,9072.0,/home/cs25m115/Neural_Acc/exp1/stage7c_per_layer_energy/runs/conv3_64pe/scale_sim_output_scale_64pe_energy/action_count.yaml
conv3,64,8x8,systolic_array.PE[50].psum_spad,PE_SPAD,write,10368.0,/home/cs25m115/Neural_Acc/exp1/stage7c_per_layer_energy/runs/conv3_64pe/scale_sim_output_scale_64pe_energy/action_count.yaml
conv3,64,8x8,systolic_array.PE[50].psum_spad,PE_SPAD,read,9072.0,/home/cs25m115/Neural_Acc/exp1/stage7c_per_layer_energy/runs/conv3_64pe/scale_sim_output_scale_64pe_energy/action_count.yaml
conv3,64,8x8,systolic_array.PE[51].psum_spad,PE_SPAD,write,10368.0,/home/cs25m115/Neural_Acc/exp1/stage7c_per_layer_energy/runs/conv3_64pe/scale_sim_output_scale_64pe_energy/action_count.yaml
conv3,64,8x8,systolic_array.PE[51].psum_spad,PE_SPAD,read,9072.0,/home/cs25m115/Neural_Acc/exp1/stage7c_per_layer_energy/runs/conv3_64pe/scale_sim_output_scale_64pe_energy/action_count.yaml
conv3,64,8x8,systolic_array.PE[52].psum_spad,PE_SPAD,write,10368.0,/home/cs25m115/Neural_Acc/exp1/stage7c_per_layer_energy/runs/conv3_64pe/scale_sim_output_scale_64pe_energy/action_count.yaml
conv3,64,8x8,systolic_array.PE[52].psum_spad,PE_SPAD,read,9072.0,/home/cs25m115/Neural_Acc/exp1/stage7c_per_layer_energy/runs/conv3_64pe/scale_sim_output_scale_64pe_energy/action_count.yaml
conv3,64,8x8,systolic_array.PE[53].psum_spad,PE_SPAD,write,10368.0,/home/cs25m115/Neural_Acc/exp1/stage7c_per_layer_energy/runs/conv3_64pe/scale_sim_output_scale_64pe_energy/action_count.yaml
conv3,64,8x8,systolic_array.PE[53].psum_spad,PE_SPAD,read,9072.0,/home/cs25m115/Neural_Acc/exp1/stage7c_per_layer_energy/runs/conv3_64pe/scale_sim_output_scale_64pe_energy/action_count.yaml
conv3,64,8x8,systolic_array.PE[54].psum_spad,PE_SPAD,write,10368.0,/home/cs25m115/Neural_Acc/exp1/stage7c_per_layer_energy/runs/conv3_64pe/scale_sim_output_scale_64pe_energy/action_count.yaml
conv3,64,8x8,systolic_array.PE[54].psum_spad,PE_SPAD,read,9072.0,/home/cs25m115/Neural_Acc/exp1/stage7c_per_layer_energy/runs/conv3_64pe/scale_sim_output_scale_64pe_energy/action_count.yaml
conv3,64,8x8,systolic_array.PE[55].psum_spad,PE_SPAD,write,10368.0,/home/cs25m115/Neural_Acc/exp1/stage7c_per_layer_energy/runs/conv3_64pe/scale_sim_output_scale_64pe_energy/action_count.yaml
conv3,64,8x8,systolic_array.PE[55].psum_spad,PE_SPAD,read,9072.0,/home/cs25m115/Neural_Acc/exp1/stage7c_per_layer_energy/runs/conv3_64pe/scale_sim_output_scale_64pe_energy/action_count.yaml
conv3,64,8x8,systolic_array.PE[56].psum_spad,PE_SPAD,write,10368.0,/home/cs25m115/Neural_Acc/exp1/stage7c_per_layer_energy/runs/conv3_64pe/scale_sim_output_scale_64pe_energy/action_count.yaml
conv3,64,8x8,systolic_array.PE[56].psum_spad,PE_SPAD,read,9072.0,/home/cs25m115/Neural_Acc/exp1/stage7c_per_layer_energy/runs/conv3_64pe/scale_sim_output_scale_64pe_energy/action_count.yaml
conv3,64,8x8,systolic_array.PE[57].psum_spad,PE_SPAD,write,10368.0,/home/cs25m115/Neural_Acc/exp1/stage7c_per_layer_energy/runs/conv3_64pe/scale_sim_output_scale_64pe_energy/action_count.yaml
conv3,64,8x8,systolic_array.PE[57].psum_spad,PE_SPAD,read,9072.0,/home/cs25m115/Neural_Acc/exp1/stage7c_per_layer_energy/runs/conv3_64pe/scale_sim_output_scale_64pe_energy/action_count.yaml
conv3,64,8x8,systolic_array.PE[58].psum_spad,PE_SPAD,write,10368.0,/home/cs25m115/Neural_Acc/exp1/stage7c_per_layer_energy/runs/conv3_64pe/scale_sim_output_scale_64pe_energy/action_count.yaml
conv3,64,8x8,systolic_array.PE[58].psum_spad,PE_SPAD,read,9072.0,/home/cs25m115/Neural_Acc/exp1/stage7c_per_layer_energy/runs/conv3_64pe/scale_sim_output_scale_64pe_energy/action_count.yaml
conv3,64,8x8,systolic_array.PE[59].psum_spad,PE_SPAD,write,10368.0,/home/cs25m115/Neural_Acc/exp1/stage7c_per_layer_energy/runs/conv3_64pe/scale_sim_output_scale_64pe_energy/action_count.yaml
conv3,64,8x8,systolic_array.PE[59].psum_spad,PE_SPAD,read,9072.0,/home/cs25m115/Neural_Acc/exp1/stage7c_per_layer_energy/runs/conv3_64pe/scale_sim_output_scale_64pe_energy/action_count.yaml
conv3,64,8x8,systolic_array.PE[60].psum_spad,PE_SPAD,write,10368.0,/home/cs25m115/Neural_Acc/exp1/stage7c_per_layer_energy/runs/conv3_64pe/scale_sim_output_scale_64pe_energy/action_count.yaml
conv3,64,8x8,systolic_array.PE[60].psum_spad,PE_SPAD,read,9072.0,/home/cs25m115/Neural_Acc/exp1/stage7c_per_layer_energy/runs/conv3_64pe/scale_sim_output_scale_64pe_energy/action_count.yaml
conv3,64,8x8,systolic_array.PE[61].psum_spad,PE_SPAD,write,10368.0,/home/cs25m115/Neural_Acc/exp1/stage7c_per_layer_energy/runs/conv3_64pe/scale_sim_output_scale_64pe_energy/action_count.yaml
conv3,64,8x8,systolic_array.PE[61].psum_spad,PE_SPAD,read,9072.0,/home/cs25m115/Neural_Acc/exp1/stage7c_per_layer_energy/runs/conv3_64pe/scale_sim_output_scale_64pe_energy/action_count.yaml
conv3,64,8x8,systolic_array.PE[62].psum_spad,PE_SPAD,write,10368.0,/home/cs25m115/Neural_Acc/exp1/stage7c_per_layer_energy/runs/conv3_64pe/scale_sim_output_scale_64pe_energy/action_count.yaml
conv3,64,8x8,systolic_array.PE[62].psum_spad,PE_SPAD,read,9072.0,/home/cs25m115/Neural_Acc/exp1/stage7c_per_layer_energy/runs/conv3_64pe/scale_sim_output_scale_64pe_energy/action_count.yaml
conv3,64,8x8,systolic_array.PE[63].psum_spad,PE_SPAD,write,10368.0,/home/cs25m115/Neural_Acc/exp1/stage7c_per_layer_energy/runs/conv3_64pe/scale_sim_output_scale_64pe_energy/action_count.yaml
conv3,64,8x8,systolic_array.PE[63].psum_spad,PE_SPAD,read,9072.0,/home/cs25m115/Neural_Acc/exp1/stage7c_per_layer_energy/runs/conv3_64pe/scale_sim_output_scale_64pe_energy/action_count.yaml
conv3,64,8x8,systolic_array.PE[0].mac,MAC,mac_random,16703.0,/home/cs25m115/Neural_Acc/exp1/stage7c_per_layer_energy/runs/conv3_64pe/scale_sim_output_scale_64pe_energy/action_count.yaml
conv3,64,8x8,systolic_array.PE[1].mac,MAC,mac_random,16703.0,/home/cs25m115/Neural_Acc/exp1/stage7c_per_layer_energy/runs/conv3_64pe/scale_sim_output_scale_64pe_energy/action_count.yaml
conv3,64,8x8,systolic_array.PE[2].mac,MAC,mac_random,16703.0,/home/cs25m115/Neural_Acc/exp1/stage7c_per_layer_energy/runs/conv3_64pe/scale_sim_output_scale_64pe_energy/action_count.yaml
conv3,64,8x8,systolic_array.PE[3].mac,MAC,mac_random,16703.0,/home/cs25m115/Neural_Acc/exp1/stage7c_per_layer_energy/runs/conv3_64pe/scale_sim_output_scale_64pe_energy/action_count.yaml
conv3,64,8x8,systolic_array.PE[4].mac,MAC,mac_random,16703.0,/home/cs25m115/Neural_Acc/exp1/stage7c_per_layer_energy/runs/conv3_64pe/scale_sim_output_scale_64pe_energy/action_count.yaml
conv3,64,8x8,systolic_array.PE[5].mac,MAC,mac_random,16703.0,/home/cs25m115/Neural_Acc/exp1/stage7c_per_layer_energy/runs/conv3_64pe/scale_sim_output_scale_64pe_energy/action_count.yaml
conv3,64,8x8,systolic_array.PE[6].mac,MAC,mac_random,16703.0,/home/cs25m115/Neural_Acc/exp1/stage7c_per_layer_energy/runs/conv3_64pe/scale_sim_output_scale_64pe_energy/action_count.yaml
conv3,64,8x8,systolic_array.PE[7].mac,MAC,mac_random,16703.0,/home/cs25m115/Neural_Acc/exp1/stage7c_per_layer_energy/runs/conv3_64pe/scale_sim_output_scale_64pe_energy/action_count.yaml
conv3,64,8x8,systolic_array.PE[8].mac,MAC,mac_random,16703.0,/home/cs25m115/Neural_Acc/exp1/stage7c_per_layer_energy/runs/conv3_64pe/scale_sim_output_scale_64pe_energy/action_count.yaml
conv3,64,8x8,systolic_array.PE[9].mac,MAC,mac_random,16703.0,/home/cs25m115/Neural_Acc/exp1/stage7c_per_layer_energy/runs/conv3_64pe/scale_sim_output_scale_64pe_energy/action_count.yaml
conv3,64,8x8,systolic_array.PE[10].mac,MAC,mac_random,16703.0,/home/cs25m115/Neural_Acc/exp1/stage7c_per_layer_energy/runs/conv3_64pe/scale_sim_output_scale_64pe_energy/action_count.yaml
conv3,64,8x8,systolic_array.PE[11].mac,MAC,mac_random,16703.0,/home/cs25m115/Neural_Acc/exp1/stage7c_per_layer_energy/runs/conv3_64pe/scale_sim_output_scale_64pe_energy/action_count.yaml
conv3,64,8x8,systolic_array.PE[12].mac,MAC,mac_random,16703.0,/home/cs25m115/Neural_Acc/exp1/stage7c_per_layer_energy/runs/conv3_64pe/scale_sim_output_scale_64pe_energy/action_count.yaml
conv3,64,8x8,systolic_array.PE[13].mac,MAC,mac_random,16703.0,/home/cs25m115/Neural_Acc/exp1/stage7c_per_layer_energy/runs/conv3_64pe/scale_sim_output_scale_64pe_energy/action_count.yaml
conv3,64,8x8,systolic_array.PE[14].mac,MAC,mac_random,16703.0,/home/cs25m115/Neural_Acc/exp1/stage7c_per_layer_energy/runs/conv3_64pe/scale_sim_output_scale_64pe_energy/action_count.yaml
conv3,64,8x8,systolic_array.PE[15].mac,MAC,mac_random,16703.0,/home/cs25m115/Neural_Acc/exp1/stage7c_per_layer_energy/runs/conv3_64pe/scale_sim_output_scale_64pe_energy/action_count.yaml
conv3,64,8x8,systolic_array.PE[16].mac,MAC,mac_random,16703.0,/home/cs25m115/Neural_Acc/exp1/stage7c_per_layer_energy/runs/conv3_64pe/scale_sim_output_scale_64pe_energy/action_count.yaml
conv3,64,8x8,systolic_array.PE[17].mac,MAC,mac_random,16703.0,/home/cs25m115/Neural_Acc/exp1/stage7c_per_layer_energy/runs/conv3_64pe/scale_sim_output_scale_64pe_energy/action_count.yaml
conv3,64,8x8,systolic_array.PE[18].mac,MAC,mac_random,16703.0,/home/cs25m115/Neural_Acc/exp1/stage7c_per_layer_energy/runs/conv3_64pe/scale_sim_output_scale_64pe_energy/action_count.yaml
conv3,64,8x8,systolic_array.PE[19].mac,MAC,mac_random,16703.0,/home/cs25m115/Neural_Acc/exp1/stage7c_per_layer_energy/runs/conv3_64pe/scale_sim_output_scale_64pe_energy/action_count.yaml
conv3,64,8x8,systolic_array.PE[20].mac,MAC,mac_random,16703.0,/home/cs25m115/Neural_Acc/exp1/stage7c_per_layer_energy/runs/conv3_64pe/scale_sim_output_scale_64pe_energy/action_count.yaml
conv3,64,8x8,systolic_array.PE[21].mac,MAC,mac_random,16703.0,/home/cs25m115/Neural_Acc/exp1/stage7c_per_layer_energy/runs/conv3_64pe/scale_sim_output_scale_64pe_energy/action_count.yaml
conv3,64,8x8,systolic_array.PE[22].mac,MAC,mac_random,16703.0,/home/cs25m115/Neural_Acc/exp1/stage7c_per_layer_energy/runs/conv3_64pe/scale_sim_output_scale_64pe_energy/action_count.yaml
conv3,64,8x8,systolic_array.PE[23].mac,MAC,mac_random,16703.0,/home/cs25m115/Neural_Acc/exp1/stage7c_per_layer_energy/runs/conv3_64pe/scale_sim_output_scale_64pe_energy/action_count.yaml
conv3,64,8x8,systolic_array.PE[24].mac,MAC,mac_random,16703.0,/home/cs25m115/Neural_Acc/exp1/stage7c_per_layer_energy/runs/conv3_64pe/scale_sim_output_scale_64pe_energy/action_count.yaml
conv3,64,8x8,systolic_array.PE[25].mac,MAC,mac_random,16703.0,/home/cs25m115/Neural_Acc/exp1/stage7c_per_layer_energy/runs/conv3_64pe/scale_sim_output_scale_64pe_energy/action_count.yaml
conv3,64,8x8,systolic_array.PE[26].mac,MAC,mac_random,16703.0,/home/cs25m115/Neural_Acc/exp1/stage7c_per_layer_energy/runs/conv3_64pe/scale_sim_output_scale_64pe_energy/action_count.yaml
conv3,64,8x8,systolic_array.PE[27].mac,MAC,mac_random,16703.0,/home/cs25m115/Neural_Acc/exp1/stage7c_per_layer_energy/runs/conv3_64pe/scale_sim_output_scale_64pe_energy/action_count.yaml
conv3,64,8x8,systolic_array.PE[28].mac,MAC,mac_random,16703.0,/home/cs25m115/Neural_Acc/exp1/stage7c_per_layer_energy/runs/conv3_64pe/scale_sim_output_scale_64pe_energy/action_count.yaml
conv3,64,8x8,systolic_array.PE[29].mac,MAC,mac_random,16703.0,/home/cs25m115/Neural_Acc/exp1/stage7c_per_layer_energy/runs/conv3_64pe/scale_sim_output_scale_64pe_energy/action_count.yaml
conv3,64,8x8,systolic_array.PE[30].mac,MAC,mac_random,16703.0,/home/cs25m115/Neural_Acc/exp1/stage7c_per_layer_energy/runs/conv3_64pe/scale_sim_output_scale_64pe_energy/action_count.yaml
conv3,64,8x8,systolic_array.PE[31].mac,MAC,mac_random,16703.0,/home/cs25m115/Neural_Acc/exp1/stage7c_per_layer_energy/runs/conv3_64pe/scale_sim_output_scale_64pe_energy/action_count.yaml
conv3,64,8x8,systolic_array.PE[32].mac,MAC,mac_random,16703.0,/home/cs25m115/Neural_Acc/exp1/stage7c_per_layer_energy/runs/conv3_64pe/scale_sim_output_scale_64pe_energy/action_count.yaml
conv3,64,8x8,systolic_array.PE[33].mac,MAC,mac_random,16703.0,/home/cs25m115/Neural_Acc/exp1/stage7c_per_layer_energy/runs/conv3_64pe/scale_sim_output_scale_64pe_energy/action_count.yaml
conv3,64,8x8,systolic_array.PE[34].mac,MAC,mac_random,16703.0,/home/cs25m115/Neural_Acc/exp1/stage7c_per_layer_energy/runs/conv3_64pe/scale_sim_output_scale_64pe_energy/action_count.yaml
conv3,64,8x8,systolic_array.PE[35].mac,MAC,mac_random,16703.0,/home/cs25m115/Neural_Acc/exp1/stage7c_per_layer_energy/runs/conv3_64pe/scale_sim_output_scale_64pe_energy/action_count.yaml
conv3,64,8x8,systolic_array.PE[36].mac,MAC,mac_random,16703.0,/home/cs25m115/Neural_Acc/exp1/stage7c_per_layer_energy/runs/conv3_64pe/scale_sim_output_scale_64pe_energy/action_count.yaml
conv3,64,8x8,systolic_array.PE[37].mac,MAC,mac_random,16703.0,/home/cs25m115/Neural_Acc/exp1/stage7c_per_layer_energy/runs/conv3_64pe/scale_sim_output_scale_64pe_energy/action_count.yaml
conv3,64,8x8,systolic_array.PE[38].mac,MAC,mac_random,16703.0,/home/cs25m115/Neural_Acc/exp1/stage7c_per_layer_energy/runs/conv3_64pe/scale_sim_output_scale_64pe_energy/action_count.yaml
conv3,64,8x8,systolic_array.PE[39].mac,MAC,mac_random,16703.0,/home/cs25m115/Neural_Acc/exp1/stage7c_per_layer_energy/runs/conv3_64pe/scale_sim_output_scale_64pe_energy/action_count.yaml
conv3,64,8x8,systolic_array.PE[40].mac,MAC,mac_random,16703.0,/home/cs25m115/Neural_Acc/exp1/stage7c_per_layer_energy/runs/conv3_64pe/scale_sim_output_scale_64pe_energy/action_count.yaml
conv3,64,8x8,systolic_array.PE[41].mac,MAC,mac_random,16703.0,/home/cs25m115/Neural_Acc/exp1/stage7c_per_layer_energy/runs/conv3_64pe/scale_sim_output_scale_64pe_energy/action_count.yaml
conv3,64,8x8,systolic_array.PE[42].mac,MAC,mac_random,16703.0,/home/cs25m115/Neural_Acc/exp1/stage7c_per_layer_energy/runs/conv3_64pe/scale_sim_output_scale_64pe_energy/action_count.yaml
conv3,64,8x8,systolic_array.PE[43].mac,MAC,mac_random,16703.0,/home/cs25m115/Neural_Acc/exp1/stage7c_per_layer_energy/runs/conv3_64pe/scale_sim_output_scale_64pe_energy/action_count.yaml
conv3,64,8x8,systolic_array.PE[44].mac,MAC,mac_random,16703.0,/home/cs25m115/Neural_Acc/exp1/stage7c_per_layer_energy/runs/conv3_64pe/scale_sim_output_scale_64pe_energy/action_count.yaml
conv3,64,8x8,systolic_array.PE[45].mac,MAC,mac_random,16703.0,/home/cs25m115/Neural_Acc/exp1/stage7c_per_layer_energy/runs/conv3_64pe/scale_sim_output_scale_64pe_energy/action_count.yaml
conv3,64,8x8,systolic_array.PE[46].mac,MAC,mac_random,16703.0,/home/cs25m115/Neural_Acc/exp1/stage7c_per_layer_energy/runs/conv3_64pe/scale_sim_output_scale_64pe_energy/action_count.yaml
conv3,64,8x8,systolic_array.PE[47].mac,MAC,mac_random,16703.0,/home/cs25m115/Neural_Acc/exp1/stage7c_per_layer_energy/runs/conv3_64pe/scale_sim_output_scale_64pe_energy/action_count.yaml
conv3,64,8x8,systolic_array.PE[48].mac,MAC,mac_random,16703.0,/home/cs25m115/Neural_Acc/exp1/stage7c_per_layer_energy/runs/conv3_64pe/scale_sim_output_scale_64pe_energy/action_count.yaml
conv3,64,8x8,systolic_array.PE[49].mac,MAC,mac_random,16703.0,/home/cs25m115/Neural_Acc/exp1/stage7c_per_layer_energy/runs/conv3_64pe/scale_sim_output_scale_64pe_energy/action_count.yaml
conv3,64,8x8,systolic_array.PE[50].mac,MAC,mac_random,16703.0,/home/cs25m115/Neural_Acc/exp1/stage7c_per_layer_energy/runs/conv3_64pe/scale_sim_output_scale_64pe_energy/action_count.yaml
conv3,64,8x8,systolic_array.PE[51].mac,MAC,mac_random,16703.0,/home/cs25m115/Neural_Acc/exp1/stage7c_per_layer_energy/runs/conv3_64pe/scale_sim_output_scale_64pe_energy/action_count.yaml
conv3,64,8x8,systolic_array.PE[52].mac,MAC,mac_random,16703.0,/home/cs25m115/Neural_Acc/exp1/stage7c_per_layer_energy/runs/conv3_64pe/scale_sim_output_scale_64pe_energy/action_count.yaml
conv3,64,8x8,systolic_array.PE[53].mac,MAC,mac_random,16703.0,/home/cs25m115/Neural_Acc/exp1/stage7c_per_layer_energy/runs/conv3_64pe/scale_sim_output_scale_64pe_energy/action_count.yaml
conv3,64,8x8,systolic_array.PE[54].mac,MAC,mac_random,16703.0,/home/cs25m115/Neural_Acc/exp1/stage7c_per_layer_energy/runs/conv3_64pe/scale_sim_output_scale_64pe_energy/action_count.yaml
conv3,64,8x8,systolic_array.PE[55].mac,MAC,mac_random,16703.0,/home/cs25m115/Neural_Acc/exp1/stage7c_per_layer_energy/runs/conv3_64pe/scale_sim_output_scale_64pe_energy/action_count.yaml
conv3,64,8x8,systolic_array.PE[56].mac,MAC,mac_random,16703.0,/home/cs25m115/Neural_Acc/exp1/stage7c_per_layer_energy/runs/conv3_64pe/scale_sim_output_scale_64pe_energy/action_count.yaml
conv3,64,8x8,systolic_array.PE[57].mac,MAC,mac_random,16703.0,/home/cs25m115/Neural_Acc/exp1/stage7c_per_layer_energy/runs/conv3_64pe/scale_sim_output_scale_64pe_energy/action_count.yaml
conv3,64,8x8,systolic_array.PE[58].mac,MAC,mac_random,16703.0,/home/cs25m115/Neural_Acc/exp1/stage7c_per_layer_energy/runs/conv3_64pe/scale_sim_output_scale_64pe_energy/action_count.yaml
conv3,64,8x8,systolic_array.PE[59].mac,MAC,mac_random,16703.0,/home/cs25m115/Neural_Acc/exp1/stage7c_per_layer_energy/runs/conv3_64pe/scale_sim_output_scale_64pe_energy/action_count.yaml
conv3,64,8x8,systolic_array.PE[60].mac,MAC,mac_random,16703.0,/home/cs25m115/Neural_Acc/exp1/stage7c_per_layer_energy/runs/conv3_64pe/scale_sim_output_scale_64pe_energy/action_count.yaml
conv3,64,8x8,systolic_array.PE[61].mac,MAC,mac_random,16703.0,/home/cs25m115/Neural_Acc/exp1/stage7c_per_layer_energy/runs/conv3_64pe/scale_sim_output_scale_64pe_energy/action_count.yaml
conv3,64,8x8,systolic_array.PE[62].mac,MAC,mac_random,16703.0,/home/cs25m115/Neural_Acc/exp1/stage7c_per_layer_energy/runs/conv3_64pe/scale_sim_output_scale_64pe_energy/action_count.yaml
conv3,64,8x8,systolic_array.PE[63].mac,MAC,mac_random,16703.0,/home/cs25m115/Neural_Acc/exp1/stage7c_per_layer_energy/runs/conv3_64pe/scale_sim_output_scale_64pe_energy/action_count.yaml
